L	0.312243	0.58034	0	0	0.312243	0.58034	0.6	0.6	5.19994	0	0.287757	0.0196602	5.19994	0	0
R	0.747002	0.663049	1.54077	2.82481	0.862916	0.534212	0.859997	0.600045	5.19975	0.00179686	0.2186	0.0466692	4.49597	1.99617	0
L	0.798298	0.721566	1.69741	2.73276	1.17385	0.481073	1.11998	0.600225	5.19943	0.00538996	0.257588	0.0797492	4.19093	2.26627	0
R	0.8943	0.396736	3.73662	2.14494	0.969149	0.397513	1.37996	0.600629	5.19898	0.0107781	0.329741	0.123138	3.70237	2.23398	0
L	1.20597	0.596248	4.10661	1.93552	1.65063	0.62469	1.6399	0.601347	5.19839	0.0179597	0.353048	0.110162	3.3473	2.17438	0
R	1.48402	0.558809	4.80376	1.491	1.62331	0.499091	1.89982	0.60247	5.19766	0.0269323	0.364258	0.102131	3.05988	2.07297	0
L	1.82281	0.658628	5.05665	1.29146	2.18882	0.648739	2.1597	0.604086	5.19678	0.0376932	0.360476	0.096776	2.83339	1.97683	0
R	2.08011	0.667413	5.06359	1.02685	1.96701	0.557117	2.41954	0.606284	5.19573	0.0502389	0.357912	0.0930698	2.65081	1.88112	0
L	2.39922	0.716105	5.20641	0.883118	2.65526	0.66598	2.67932	0.609155	5.1945	0.0645654	0.350122	0.0947126	2.49921	1.7944	0
R	2.69384	0.703022	5.27319	0.584343	2.92034	0.645898	2.93904	0.612786	5.19309	0.080668	0.341085	0.0942745	2.37109	1.70975	0
L	2.96897	0.717951	5.3001	0.512406	3.01222	0.637046	3.19869	0.617267	5.19147	0.0985415	0.332506	0.0948751	2.26099	1.63495	0
R	3.27404	0.646142	5.34631	0.0791364	3.56096	0.485311	3.45825	0.622685	5.18963	0.11818	0.322761	0.091088	2.1652	1.56539	0
L	3.61153	0.584695	5.48597	-0.223084	3.89365	0.311793	3.71772	0.62913	5.18754	0.139576	0.311495	0.0883781	2.08191	1.50734	0
R	3.8982	0.595925	5.51432	-0.146415	4.19786	0.698311	3.97708	0.636689	5.18519	0.162724	0.300903	0.0858573	2.0081	1.45485	0
L	4.19792	0.58434	5.55607	-0.17294	4.30935	0.578564	4.23632	0.645449	5.18256	0.187614	0.290869	0.0844334	1.94241	1.4086	0
R	4.45794	0.599564	5.37856	-0.104041	4.61908	0.68951	4.49542	0.655498	5.17962	0.214238	0.281789	0.0829396	1.88138	1.36619	0
L	4.65831	0.671485	5.2548	0.178504	4.35143	0.899174	4.75437	0.666921	5.17634	0.242587	0.274366	0.0804708	1.82531	1.32549	0
R	4.91281	0.666102	5.07995	0.11108	5.20902	0.66599	5.01315	0.679804	5.1727	0.272649	0.267683	0.0782702	1.77402	1.28871	0
L	5.22611	0.660623	5.18531	0.0614449	5.51894	0.648233	5.27175	0.694234	5.16867	0.304413	0.260754	0.0765719	1.72671	1.25558	0
R	5.48926	0.665318	5.30066	0.0781618	5.22835	0.639362	5.53013	0.710295	5.16422	0.337868	0.254316	0.0753076	1.68326	1.22516	0
L	5.79804	0.676228	5.3776	0.0918736	6.022	0.708619	5.78828	0.728072	5.15932	0.372999	0.248196	0.0743584	1.64339	1.19721	0
R	6.03907	0.618658	5.15376	-0.116015	5.89392	0.373584	6.04618	0.747647	5.15393	0.409793	0.242494	0.0776796	1.6056	1.17504	0
L	6.29954	0.709453	5.14901	0.179938	6.34249	0.948833	6.30379	0.769103	5.14803	0.448233	0.237166	0.0769835	1.57031	1.15057	0
R	6.55075	0.738191	5.0839	0.235754	6.62134	0.836138	6.5611	0.792523	5.14157	0.488305	0.232182	0.0761743	1.53729	1.12753	0
L	6.80174	0.73943	5.07922	0.204529	6.78214	0.714036	6.81808	0.817988	5.13452	0.52999	0.227514	0.0762711	1.50627	1.10666	0
R	7.04374	0.725232	4.893	0.115904	7.29121	0.630741	7.07469	0.845578	5.12685	0.573269	0.223179	0.0784257	1.47773	1.08887	0
L	7.26029	0.804361	4.83479	0.33676	7.13735	0.957217	7.3309	0.875373	5.11851	0.618123	0.219428	0.0781637	1.45114	1.06989	0
R	7.56116	0.818433	5.17069	0.344803	8.08349	0.819605	7.58668	0.907449	5.10946	0.664531	0.215528	0.0785771	1.42504	1.05235	0
L	7.81926	0.798237	5.17401	0.235674	7.80533	0.719126	7.84199	0.941886	5.09966	0.712469	0.211821	0.0816884	1.40032	1.03783	0
R	8.06751	0.815417	4.98655	0.236423	8.40453	0.884557	8.0968	0.978759	5.08907	0.761915	0.20833	0.0856733	1.37691	1.02488	0
L	8.30539	0.832739	4.96529	0.25375	8.24796	0.840322	8.35106	1.01814	5.07766	0.812843	0.205106	0.09062	1.35467	1.01321	0
R	8.57978	0.923103	5.24196	0.498805	8.45858	1.41118	8.60472	1.06011	5.06537	0.865226	0.201924	0.0924226	1.3337	0.999352	0
L	8.82456	0.983821	5.20727	0.60311	8.74615	1.04858	8.85775	1.10473	5.05216	0.919037	0.198925	0.0934137	1.31361	0.985629	0
R	9.11723	1.02239	5.25001	0.621483	9.8809	1.1419	9.1101	1.15208	5.03798	0.974245	0.195982	0.0946795	1.29466	0.972909	0
L	9.3596	1.0543	5.21337	0.626399	9.25579	1.04913	9.36172	1.20223	5.0228	1.03082	0.193162	0.0966089	1.27644	0.961343	0
R	9.64113	1.12836	5.25989	0.747006	10.1016	1.52474	9.61255	1.25524	5.00656	1.08873	0.19052	0.0975767	1.2593	0.949607	0
L	9.92196	1.26134	5.28117	1.01327	10.0484	1.44598	9.86254	1.31118	4.98922	1.14794	0.188181	0.0965972	1.24309	0.936948	0
R	10.1675	1.34352	5.02085	1.07505	10.5377	1.72555	10.1117	1.37011	4.97074	1.20841	0.185909	0.0954152	1.22665	0.92479	0
L	10.3893	1.42325	4.96414	1.15134	10.2492	1.45907	10.3598	1.4321	4.95106	1.2701	0.183571	0.0941947	1.21082	0.913055	0
R	10.6194	1.49362	4.72813	1.16067	10.9084	1.70343	10.6069	1.49721	4.93014	1.33298	0.181273	0.0930115	1.19602	0.901981	0
L	10.8379	1.51924	4.70038	1.07368	10.7313	1.45265	10.853	1.56549	4.90794	1.39701	0.179064	0.0921537	1.18179	0.892344	0
R	11.1094	1.56171	4.89095	1.05496	11.4783	1.42876	11.0979	1.637	4.8844	1.46213	0.176928	0.091788	1.16763	0.883892	0
L	11.3924	1.60792	4.96215	1.03145	11.587	1.61462	11.3416	1.71179	4.85948	1.52832	0.175031	0.0920872	1.15408	0.876834	0
R	11.624	1.64902	4.86467	0.994647	11.4763	1.53917	11.584	1.78992	4.83313	1.59551	0.173135	0.0934801	1.1409	0.871533	0
L	11.8512	1.71868	4.83249	1.05142	11.7788	1.74591	11.8251	1.87144	4.80531	1.66366	0.171244	0.0951995	1.12816	0.866614	0
R	12.1119	1.80244	4.99191	1.1546	12.136	2.14937	12.0647	1.95639	4.77598	1.73273	0.169515	0.0968566	1.11629	0.861371	0
L	12.3574	1.83305	4.98847	1.08116	12.3226	1.78353	12.3029	2.04482	4.74508	1.80265	0.167891	0.100677	1.10492	0.858632	0
R	12.6171	1.88178	5.09459	1.07829	12.5457	1.77728	12.5394	2.13677	4.71257	1.87338	0.166511	0.106203	1.09474	0.857356	0
L	12.8178	2.0337	4.98158	1.352	12.5924	2.17509	12.7743	2.23227	4.67842	1.94485	0.16492	0.108875	1.08437	0.852778	0
R	13.0888	2.14084	5.1298	1.47664	13.2198	2.66441	13.0075	2.33137	4.64258	2.01701	0.163667	0.111097	1.07569	0.847659	0
L	13.2959	2.29534	5.02655	1.702	13.0875	2.40708	13.2388	2.43409	4.605	2.08981	0.162251	0.111705	1.06672	0.841063	0
R	13.4708	2.42135	4.61211	1.77695	12.7087	3.12439	13.4682	2.54047	4.56565	2.16317	0.160684	0.111852	1.05643	0.834657	0
L	13.7198	2.54828	4.63888	1.87677	13.836	2.62479	13.6955	2.65053	4.52448	2.23703	0.159196	0.111679	1.04654	0.828225	0
R	13.9409	2.64659	4.58162	1.88354	13.8302	2.73893	13.9208	2.7643	4.48147	2.31134	0.157739	0.111793	1.03689	0.822583	0
L	14.1688	2.81484	4.56498	2.08243	14.2106	2.94205	14.1439	2.88179	4.43656	2.38601	0.156334	0.111139	1.02757	0.816098	0
R	14.4225	2.92148	4.73926	2.11197	14.5568	2.87021	14.3646	3.00303	4.38974	2.46099	0.155125	0.11068	1.01942	0.810122	0
L	14.631	2.9905	4.69451	2.01919	14.4616	2.90734	14.583	3.12802	4.34097	2.5362	0.153889	0.111207	1.01153	0.805899	0
R	14.8651	3.13907	4.7387	2.16024	14.6754	3.96041	14.7989	3.25679	4.29021	2.61157	0.152804	0.111322	1.0045	0.801116	0
L	15.0773	3.34847	4.67163	2.43481	15.0261	3.5067	15.0122	3.38932	4.23744	2.68703	0.151741	0.110503	0.99755	0.794977	0
R	15.2899	3.49521	4.46182	2.4668	15.3685	4.14761	15.2228	3.52563	4.18263	2.76249	0.15072	0.109649	0.989858	0.789248	0
L	15.5046	3.69758	4.42821	2.67808	15.5236	3.82936	15.4306	3.66572	4.12575	2.83789	0.149779	0.108823	0.982475	0.783019	0
R	15.7186	3.80907	4.3657	2.60549	15.7234	3.4105	15.6355	3.80957	4.06678	2.91315	0.148941	0.107942	0.975258	0.777661	0
L	15.9407	3.96045	4.36767	2.66048	15.9774	4.00094	15.8375	3.95719	4.00571	2.98817	0.148326	0.107082	0.968561	0.772568	0
R	16.1411	4.08994	4.15314	2.60668	16.3376	4.21632	16.0363	4.10854	3.94251	3.0629	0.147744	0.106268	0.961325	0.768627	0
L	16.3333	4.3059	4.10288	2.83532	16.3313	4.44499	16.2319	4.26363	3.87716	3.13723	0.147142	0.105577	0.954313	0.76361	0
R	16.5489	4.44964	4.12808	2.84008	16.7586	4.48231	16.4242	4.42242	3.80966	3.21109	0.146828	0.104828	0.947866	0.759178	0
L	16.7238	4.63122	4.05876	2.9505	16.6039	4.67344	16.613	4.5849	3.74	3.28438	0.146355	0.104197	0.941572	0.754595	0
R	16.885	4.77528	3.68436	2.86299	16.9236	5.10119	16.7983	4.75103	3.66817	3.35704	0.145655	0.10347	0.934625	0.751418	0
L	17.0382	5.0328	3.59505	3.16882	16.9955	5.21099	16.9799	4.92077	3.59416	3.42897	0.144766	0.103599	0.927827	0.74661	0
R	17.2165	5.16757	3.55437	3.09236	17.3421	4.64623	17.1579	5.09409	3.51797	3.50008	0.143899	0.10323	0.921186	0.742858	0
L	17.368	5.37132	3.49084	3.22616	17.2894	5.43542	17.3319	5.27094	3.4396	3.57028	0.142946	0.103191	0.914696	0.738738	0
R	17.5341	5.49815	3.40008	3.10921	17.6463	4.74597	17.5019	5.45128	3.35907	3.63949	0.142001	0.10262	0.908335	0.736247	0
L	17.7209	5.63736	3.43662	3.06318	17.7853	5.62476	17.6679	5.63506	3.27637	3.70762	0.141161	0.101915	0.902287	0.735067	0
R	17.8763	5.79299	3.27415	3.02998	17.9216	6.07151	17.8297	5.82221	3.19151	3.77458	0.140308	0.101281	0.896221	0.735197	0
L	18.0401	6.02233	3.25118	3.23162	18.1263	6.16985	17.9872	6.01269	3.10453	3.84027	0.139504	0.10061	0.890387	0.733653	0
R	18.1993	6.20378	3.22181	3.27874	18.1245	6.79027	18.1402	6.20641	3.01542	3.90462	0.138748	0.0999465	0.884827	0.732338	0
L	18.3123	6.4871	3.0938	3.59857	18.2164	6.66138	18.2888	6.40332	2.92421	3.96753	0.137871	0.0997534	0.879275	0.728781	0
R	18.4527	6.67216	2.97104	3.58049	18.4022	7.02231	18.4328	6.60333	2.83093	4.0289	0.137003	0.0994178	0.873765	0.725872	0
L	18.597	6.82204	2.97235	3.50671	18.5422	6.76013	18.572	6.80638	2.7356	4.08867	0.136162	0.0988023	0.868625	0.724229	0
R	18.754	7.00809	3.01872	3.54534	18.8089	7.24388	18.7064	7.01237	2.63825	4.14672	0.135413	0.098184	0.864227	0.722822	0
L	18.9507	7.16594	3.11289	3.48383	19.1441	7.18344	18.8359	7.22122	2.53893	4.20299	0.135178	0.0977691	0.86124	0.722777	0
R	19.0517	7.3243	2.78809	3.36876	18.5479	7.4012	18.9604	7.43283	2.43767	4.25737	0.134729	0.0979075	0.856847	0.725028	0
L	19.1266	7.64475	2.61355	3.77402	19.0138	7.8688	19.0798	7.64712	2.3345	4.3098	0.134014	0.0973162	0.85222	0.723043	0
R	19.2559	7.82716	2.59335	3.74981	19.3089	7.67375	19.1939	7.86397	2.22949	4.36017	0.133385	0.0968186	0.848062	0.721805	0
L	19.3266	8.0772	2.45748	3.92479	19.132	8.12845	19.3028	8.08329	2.12266	4.40842	0.132624	0.0962496	0.84384	0.719461	0
R	19.4313	8.26782	2.4232	3.91534	19.0239	8.17194	19.4062	8.30497	2.01409	4.45445	0.131878	0.0957723	0.840079	0.717625	0
L	19.5252	8.42481	2.3842	3.82499	19.347	8.30741	19.5042	8.5289	1.90381	4.49819	0.131137	0.095872	0.836823	0.71713	0
R	19.6283	8.59918	2.24161	3.73347	19.6843	8.35902	19.5966	8.75494	1.7919	4.53956	0.130434	0.096761	0.833435	0.718202	0
L	19.784	8.80018	2.32142	3.75706	20.0039	8.8906	19.6835	8.983	1.67841	4.57848	0.130136	0.098148	0.831538	0.719444	0
R	19.8703	8.98881	2.10996	3.69709	19.6061	9.48659	19.7645	9.21294	1.56341	4.61488	0.12989	0.10042	0.82891	0.721948	0
L	19.9867	9.25945	2.09965	3.90959	20.1574	9.45949	19.8398	9.44463	1.44697	4.64869	0.130088	0.101736	0.827177	0.722139	0
R	20.0468	9.44354	1.81269	3.7961	19.6163	9.76606	19.9093	9.67795	1.32916	4.67984	0.130172	0.104091	0.824212	0.724089	0
L	20.1159	9.72942	1.73407	4.043	20.1573	9.90876	19.9728	9.91275	1.21005	4.70826	0.130319	0.105261	0.821568	0.723482	0
R	20.1788	9.97366	1.68203	4.1633	19.1911	11.5493	20.0303	10.1489	1.08972	4.73389	0.130526	0.106248	0.819467	0.722026	0
L	20.2153	10.2923	1.54494	4.45276	20.166	10.4687	20.0818	10.3863	0.968259	4.75666	0.130558	0.106127	0.817287	0.718892	0
R	20.2422	10.4975	1.23881	4.31152	19.6774	10.803	20.1271	10.6247	0.845742	4.77652	0.130407	0.106367	0.814008	0.716711	0
L	20.2892	10.8105	1.16948	4.55694	20.371	11.0109	20.1663	10.864	0.722256	4.7934	0.130331	0.105957	0.811073	0.713411	0
R	20.3167	11.0629	1.0362	4.59459	19.4335	12.3402	20.1993	11.1041	0.597892	4.80727	0.130206	0.105497	0.808138	0.710087	0
L	20.3517	11.3171	0.992016	4.66018	20.3164	11.3483	20.2261	11.3449	0.472738	4.81807	0.13016	0.105	0.805739	0.70667	0
R	20.3157	11.524	0.48282	4.42145	19.2063	12.2418	20.2466	11.5861	0.346889	4.82575	0.129691	0.104658	0.801815	0.704289	0
L	20.3799	11.784	0.547432	4.50323	20.6141	11.9422	20.2608	11.8275	0.220439	4.83027	0.129591	0.104228	0.798499	0.701549	0
R	20.402	12.0137	0.624313	4.571	19.966	11.9688	20.2687	12.0692	0.093487	4.83159	0.129628	0.103861	0.796312	0.698578	0
L	20.3823	12.3395	0.478594	4.82405	20.3263	12.4966	20.2701	12.3108	-0.0338694	4.82968	0.12947	0.103395	0.794044	0.695179	0
R	20.3498	12.5387	0.0702299	4.54224	20.0192	12.4823	20.2652	12.5522	-0.161529	4.82451	0.129112	0.102905	0.790544	0.692382	0
L	20.3727	12.7924	0.0983824	4.59976	20.498	12.8924	20.254	12.7933	-0.28939	4.81605	0.129018	0.102414	0.78768	0.6894	0
R	20.3738	12.9917	-0.0236074	4.44145	20.9151	12.2555	20.2363	13.0339	-0.417348	4.80428	0.1291	0.102012	0.784888	0.687045	0
L	20.3361	13.2185	-0.101233	4.46544	20.1943	13.1688	20.2122	13.2738	-0.545298	4.78918	0.129052	0.101675	0.78239	0.684543	0
R	20.3049	13.4311	-0.22216	4.40031	19.858	13.5236	20.1818	13.5129	-0.673135	4.77072	0.128999	0.101508	0.779968	0.682298	0
L	20.2744	13.7255	-0.295943	4.58466	20.3245	13.8896	20.1449	13.7509	-0.800753	4.74892	0.129004	0.10107	0.777886	0.679343	0
R	20.2336	13.9202	-0.522724	4.37683	20.3387	13.5307	20.1017	13.9878	-0.928043	4.72374	0.12903	0.100816	0.775306	0.677057	0
L	20.1644	14.2126	-0.646469	4.56644	20.1216	14.337	20.0521	14.2233	-1.0549	4.69521	0.128889	0.100366	0.772778	0.674111	0
R	20.0995	14.4195	-0.825027	4.43828	19.6717	14.4038	19.9962	14.4573	-1.18121	4.66331	0.128684	0.0999806	0.770056	0.671431	0
L	19.9753	14.7151	-1.03407	4.64124	19.781	14.773	19.934	14.6897	-1.30687	4.62805	0.128172	0.0995661	0.767071	0.668455	0
R	19.9121	14.9131	-1.11073	4.51119	20.1149	14.0165	19.8655	14.9202	-1.43177	4.58944	0.127683	0.0991306	0.764291	0.665557	0
L	19.8898	15.1404	-1.04088	4.50354	20.0208	15.2053	19.7908	15.1486	-1.55581	4.54751	0.127462	0.0987017	0.762474	0.66267	0
R	19.7869	15.3071	-1.56158	4.03273	20.0157	15.3443	19.7099	15.3749	-1.67887	4.50226	0.127113	0.098477	0.759259	0.661246	0
L	19.7554	15.4988	-1.45735	3.99284	19.9131	15.554	19.6229	15.5989	-1.80085	4.45372	0.12716	0.0984911	0.756674	0.659791	0
R	19.6769	15.6753	-1.51809	3.89139	19.9388	15.0864	19.5298	15.8203	-1.92164	4.40193	0.127342	0.098977	0.754376	0.658668	0
L	19.5519	15.9276	-1.6509	4.04278	19.4748	16.0098	19.4307	16.039	-2.04114	4.3469	0.127292	0.0990886	0.752051	0.656487	0
R	19.4541	16.1189	-1.70255	4.0032	19.1556	16.0022	19.3257	16.2549	-2.15925	4.28868	0.127301	0.099453	0.75007	0.654265	0
L	19.3403	16.3204	-1.76513	4.0167	19.238	16.2719	19.2148	16.4679	-2.27586	4.22731	0.127286	0.099944	0.748406	0.651838	0
R	19.2342	16.4925	-1.94929	3.81589	19.4007	16.2962	19.0981	16.6777	-2.39087	4.16284	0.127361	0.100935	0.746404	0.64992	0
L	19.0825	16.7456	-2.0972	3.97799	19.0029	16.8387	18.9757	16.8841	-2.50418	4.0953	0.127207	0.101297	0.744269	0.647359	0
R	18.9411	16.9146	-2.49392	3.61829	18.8373	17.7112	18.8477	17.0872	-2.61571	4.02476	0.126971	0.10207	0.741342	0.645776	0
L	18.7273	17.2041	-2.742	3.89703	18.6148	17.3832	18.7142	17.2866	-2.72534	3.95127	0.126467	0.101928	0.738372	0.643206	0
R	18.607	17.4091	-2.5967	4.02298	18.8177	17.0316	18.5752	17.4822	-2.83299	3.87489	0.125996	0.101732	0.735738	0.640784	0
L	18.3807	17.6389	-2.82449	4.12262	18.1023	17.5529	18.4309	17.674	-2.93858	3.79568	0.125578	0.101379	0.732905	0.638916	0
R	18.2306	17.8257	-2.88367	4.03279	18.2749	17.4877	18.2814	17.8617	-3.042	3.71372	0.125167	0.101032	0.730171	0.63704	0
L	18.1187	18.0178	-2.80667	3.99981	18.2094	18.0461	18.1268	18.0453	-3.14318	3.62906	0.124683	0.100669	0.727938	0.635405	0
R	17.9495	18.1546	-3.09414	3.60283	18.3021	17.498	17.9671	18.2246	-3.24204	3.5418	0.124212	0.100469	0.725249	0.632979	0
L	17.8395	18.2895	-2.9714	3.48679	17.9018	18.2183	17.8026	18.3994	-3.3385	3.45199	0.123779	0.100544	0.723187	0.630565	0
R	17.713	18.4525	-3.0034	3.35798	18.8558	18.1365	17.6334	18.5697	-3.43247	3.35973	0.123504	0.100681	0.72141	0.628172	0
L	17.5009	18.6647	-3.16491	3.47785	17.3845	18.7039	17.4595	18.7353	-3.5239	3.26509	0.123091	0.100488	0.719367	0.626078	0
R	17.3278	18.7884	-3.34199	3.18342	17.7945	18.0801	17.281	18.8962	-3.61271	3.16817	0.122698	0.100544	0.717059	0.623739	0
L	17.1726	18.9293	-3.30586	3.13907	17.1762	18.8863	17.0983	19.0521	-3.69883	3.06904	0.12241	0.100727	0.715198	0.621454	0
R	17.0033	19.0909	-3.40074	3.05453	16.9398	19.7311	16.9113	19.203	-3.78221	2.9678	0.122214	0.100815	0.713315	0.61921	0
L	16.7784	19.224	-3.51651	3.03143	16.5734	19.052	16.7201	19.3488	-3.86278	2.86455	0.121869	0.101011	0.711322	0.61711	0
R	16.5839	19.3716	-3.69683	2.86265	16.1674	20.2201	16.5251	19.4894	-3.9405	2.75938	0.121529	0.101142	0.709044	0.614933	0
L	16.3367	19.561	-3.86279	2.98451	16.2338	19.6171	16.3262	19.6246	-4.01531	2.65237	0.121095	0.100922	0.706607	0.613364	0
R	16.1181	19.6309	-4.04662	2.61524	16.4366	18.2742	16.1237	19.7545	-4.08716	2.54364	0.120662	0.101103	0.704087	0.6112	0
L	15.9056	19.7884	-4.08321	2.67592	15.9243	19.8703	15.9176	19.8789	-4.15602	2.43329	0.120238	0.101032	0.701613	0.609371	0
R	15.7096	19.9051	-4.05179	2.64074	16.2328	19.2166	15.7082	19.9978	-4.22185	2.32141	0.119814	0.100976	0.699283	0.607813	0
L	15.4669	20.0824	-4.16766	2.75065	15.4332	20.1836	15.4956	20.111	-4.28461	2.2081	0.119418	0.100651	0.696903	0.607381	0
R	15.2356	20.2271	-4.32841	2.63299	14.3677	21.3406	15.2799	20.2185	-4.34427	2.09347	0.11906	0.100303	0.69448	0.606936	0
L	15.068	20.3574	-4.21264	2.61351	15.2016	20.4385	15.0613	20.3203	-4.4008	1.97763	0.11865	0.100004	0.692257	0.60714	0
R	14.8319	20.434	-4.39411	2.29849	14.7476	19.9571	14.84	20.4162	-4.4542	1.86068	0.118245	0.0996718	0.689901	0.606141	0
L	14.6229	20.5572	-4.37261	2.31217	14.6665	20.6088	14.6161	20.5063	-4.50443	1.74272	0.117844	0.0994209	0.687636	0.605899	0
R	14.3759	20.6431	-4.57577	2.03817	13.841	21.0031	14.3897	20.5904	-4.55149	1.62386	0.11745	0.0991791	0.685312	0.604808	0
L	14.1331	20.7195	-4.59716	1.98985	14.0521	20.5924	14.1611	20.6686	-4.59537	1.50421	0.117078	0.0989337	0.683008	0.604087	0
R	13.8879	20.7883	-4.74527	1.73603	13.8232	20.859	13.9304	20.7408	-4.63606	1.38386	0.116739	0.0986795	0.680786	0.602756	0
L	13.6069	20.8603	-4.84366	1.71965	13.4686	20.7253	13.6977	20.807	-4.67357	1.26294	0.116586	0.0984481	0.678669	0.601905	0
R	13.3544	20.8876	-5.01125	1.32448	13.8263	20.4261	13.4632	20.8671	-4.70789	1.14153	0.116536	0.0981378	0.676881	0.600106	0
L	13.1184	20.9251	-4.96301	1.26137	13.1072	20.8294	13.2271	20.9211	-4.73904	1.01975	0.116487	0.0978171	0.674908	0.59846	0
R	12.8761	20.981	-5.01031	1.13469	13.2669	21.1579	12.9895	20.969	-4.76702	0.897694	0.116467	0.0975038	0.672999	0.59682	0
L	12.7073	21.0164	-4.80194	1.06655	12.8729	21.0592	12.7506	21.0108	-4.79186	0.775469	0.116143	0.0971898	0.670825	0.595351	0
R	12.4374	21.0573	-4.96717	0.880675	11.5171	21.6724	12.5106	21.0465	-4.81358	0.653175	0.115918	0.0968816	0.668784	0.593719	0
L	12.194	21.1015	-4.95498	0.879411	12.2062	21.11	12.2695	21.0761	-4.83219	0.530912	0.115706	0.0965938	0.666723	0.592478	0
R	11.9471	21.1172	-5.04676	0.625967	12.3859	21.1066	12.0276	21.0996	-4.84773	0.408778	0.115517	0.0962978	0.664798	0.590853	0
L	11.7188	21.0886	-4.96158	0.498837	11.6814	20.8651	11.785	21.117	-4.86022	0.286869	0.115272	0.0960209	0.662753	0.589232	0
R	11.4596	21.0721	-5.05457	0.259209	11.5265	20.6748	11.5418	21.1283	-4.86971	0.165281	0.115095	0.0958234	0.66084	0.587435	0
L	11.2631	21.0662	-4.90757	0.205639	11.363	21.0688	11.2982	21.1335	-4.87623	0.0441057	0.11477	0.0956725	0.65879	0.585746	0
R	10.9915	21.0264	-5.03598	-0.0541046	10.5558	20.5567	11.0544	21.1327	-4.87982	-0.076565	0.114522	0.0957422	0.656868	0.583938	0
L	10.8022	20.9889	-4.86637	-0.140381	10.8903	20.927	10.8105	21.1259	-4.88053	-0.196643	0.114172	0.0960493	0.654851	0.58216	0
R	10.5283	20.9891	-4.94686	-0.117187	9.30535	21.3896	10.5666	21.1131	-4.8784	-0.31604	0.113863	0.096244	0.652873	0.580591	0
L	10.227	21.0385	-5.10401	0.00646891	10.189	21.209	10.3229	21.0943	-4.87349	-0.434674	0.113763	0.0960503	0.651139	0.579846	0
R	9.96656	21.0198	-5.19367	-0.21526	9.97958	21.2932	10.0795	21.0697	-4.86585	-0.552463	0.113758	0.0958386	0.649673	0.578689	0
L	9.81359	20.9768	-4.91308	-0.30563	9.99634	20.9797	9.83658	21.0391	-4.85554	-0.669327	0.113431	0.0956727	0.64774	0.57764	0
R	9.56348	20.9643	-4.93094	-0.311255	9.38223	21.111	9.59422	21.0028	-4.84262	-0.785189	0.113118	0.0954338	0.645846	0.577078	0
L	9.40387	20.9147	-4.69864	-0.399116	9.53921	20.8762	9.35258	20.9607	-4.82714	-0.899977	0.112851	0.0952166	0.644008	0.576657	0
R	9.17363	20.8682	-4.76717	-0.668049	9.63392	20.9724	9.11177	20.9128	-4.80919	-1.01362	0.112619	0.094998	0.642119	0.575569	0
L	8.85169	20.8521	-4.98505	-0.614188	8.70331	20.8221	8.87192	20.8594	-4.78881	-1.12605	0.1123	0.0947215	0.640415	0.575217	0
R	8.62684	20.7696	-4.97491	-0.904722	9.84634	20.009	8.63315	20.8003	-4.76608	-1.2372	0.111974	0.0944749	0.638749	0.574102	0
L	8.34068	20.6905	-5.05749	-0.961292	8.22277	20.4839	8.39557	20.7358	-4.74108	-1.34701	0.111728	0.0942641	0.637354	0.573191	0
R	8.0878	20.6121	-5.10848	-1.18624	8.29647	20.4978	8.1593	20.6657	-4.71387	-1.45542	0.111538	0.0940806	0.636224	0.571906	0
L	7.86032	20.529	-5.02855	-1.23777	7.88599	20.45	7.92445	20.5903	-4.68453	-1.56237	0.111325	0.0939257	0.634936	0.570797	0
R	7.62327	20.4447	-5.06275	-1.509	8.29081	20.6565	7.69111	20.5096	-4.65313	-1.66781	0.111126	0.0937863	0.633882	0.569299	0
L	7.29758	20.3877	-5.25533	-1.45902	7.18029	20.392	7.45939	20.4237	-4.61975	-1.7717	0.111477	0.09356	0.633892	0.568175	0
R	7.03378	20.2945	-5.27732	-1.57774	7.09214	20.1196	7.22939	20.3326	-4.58448	-1.87399	0.112126	0.0933403	0.634238	0.567012	0
L	6.78913	20.2069	-5.22485	-1.59776	6.81542	20.1859	7.00119	20.2364	-4.54738	-1.97462	0.11293	0.0931053	0.634488	0.566127	0
R	6.53733	20.1168	-5.22287	-1.70483	6.89359	20.1536	6.7749	20.1352	-4.50854	-2.07357	0.114	0.0928565	0.634959	0.565221	0
L	6.32012	20.0208	-5.10558	-1.73254	6.38914	20.0137	6.55059	20.0292	-4.46805	-2.17079	0.114968	0.0926017	0.634973	0.564597	0
R	6.08224	19.9275	-5.09767	-1.88837	6.67637	20.2142	6.32834	19.9183	-4.42598	-2.26625	0.116094	0.0923494	0.635181	0.563741	0
L	5.84039	19.8305	-5.06298	-1.89519	5.86119	19.8306	6.10823	19.8027	-4.38241	-2.35993	0.117457	0.0921197	0.635438	0.563247	0
R	5.57331	19.6879	-5.14956	-2.22596	5.28178	19.5036	5.89034	19.6824	-4.33744	-2.45178	0.119446	0.0918699	0.636531	0.561961	0
L	5.45943	19.5545	-4.76822	-2.28764	5.69089	19.5755	5.67472	19.5577	-4.29114	-2.5418	0.12017	0.0916216	0.635776	0.560751	0
R	5.24124	19.4044	-4.73643	-2.48589	5.9506	18.9859	5.46145	19.4284	-4.24359	-2.62995	0.120929	0.0913919	0.635094	0.559342	0
L	5.05935	19.2989	-4.5982	-2.45852	5.17021	19.4397	5.25059	19.2948	-4.19488	-2.71622	0.121413	0.0911477	0.63408	0.558162	0
R	4.86416	19.1842	-4.51019	-2.4563	5.87397	19.301	5.04219	19.157	-4.1451	-2.80059	0.121784	0.0909266	0.632951	0.557242	0
L	4.74023	19.0346	-4.23638	-2.51897	4.89149	18.982	4.8363	19.015	-4.09432	-2.88305	0.121662	0.090697	0.631359	0.556396	0
R	4.5075	18.8822	-4.33213	-2.77465	3.98679	19.0452	4.63297	18.8689	-4.04263	-2.96359	0.121683	0.0904631	0.630046	0.555099	0
L	4.35511	18.7503	-4.16537	-2.7699	4.4685	18.834	4.43224	18.7188	-3.99012	-3.0422	0.121492	0.0902548	0.628522	0.553995	0
R	4.16562	18.6054	-4.11563	-2.79455	4.69245	18.4634	4.23416	18.5648	-3.93685	-3.11888	0.121276	0.090067	0.627016	0.553046	0
L	4.07642	18.4544	-3.80575	-2.82858	4.26269	18.481	4.03876	18.4071	-3.88293	-3.19362	0.120992	0.0898978	0.625414	0.552237	0
R	3.86669	18.2787	-3.92515	-3.26774	3.42434	18.8357	3.84606	18.2457	-3.82841	-3.26644	0.120689	0.0896971	0.623839	0.550812	0
L	3.58627	18.1332	-4.15164	-3.22552	3.45919	18.167	3.65611	18.0807	-3.77339	-3.33732	0.120483	0.089546	0.622826	0.549456	0
R	3.41332	17.9828	-4.04884	-3.13761	4.3011	17.9267	3.46891	17.9122	-3.71795	-3.40627	0.120241	0.0894598	0.621685	0.548388	0
L	3.18064	17.8165	-4.12673	-3.15242	3.12525	17.7493	3.28449	17.7402	-3.66215	-3.47331	0.120163	0.0893975	0.620988	0.547472	0
R	2.96287	17.6325	-4.18913	-3.44223	2.65664	17.888	3.10287	17.565	-3.60609	-3.53844	0.120271	0.0893003	0.620802	0.546131	0
L	2.81549	17.5128	-4.03525	-3.35059	2.9449	17.8154	2.92405	17.3866	-3.54982	-3.60167	0.120215	0.0895234	0.620196	0.545047	0
R	2.64111	17.2966	-3.98661	-3.70031	3.26647	17.0897	2.74805	17.2051	-3.49344	-3.66302	0.120153	0.0895337	0.619625	0.54369	0
L	2.48634	17.1038	-3.86633	-3.71667	2.55407	17.0853	2.57486	17.0205	-3.437	-3.72251	0.120016	0.0895037	0.618823	0.542336	0
R	2.30341	16.9383	-3.82449	-3.5355	2.55039	16.8884	2.4045	16.833	-3.38059	-3.78014	0.11993	0.0895883	0.618079	0.541265	0
L	2.16543	16.7695	-3.68375	-3.52292	2.25371	16.8334	2.23695	16.6427	-3.32428	-3.83595	0.119739	0.0898093	0.617071	0.540377	0
R	1.96243	16.5702	-3.73044	-3.56204	1.57735	16.0489	2.07221	16.4497	-3.26812	-3.88995	0.119692	0.0899853	0.616407	0.53954	0
L	1.82685	16.3426	-3.5855	-3.65312	1.88972	16.1054	1.91027	16.254	-3.21219	-3.94216	0.119542	0.0899789	0.615455	0.538601	0
R	1.65212	16.1641	-3.5742	-3.64979	1.74362	16.2687	1.75112	16.0557	-3.15656	-3.99261	0.119451	0.0900778	0.614648	0.537823	0
L	1.46132	15.999	-3.6094	-3.61819	1.44745	16.0853	1.59474	15.8549	-3.10129	-4.04132	0.119522	0.0904162	0.614178	0.537327	0
R	1.30143	15.7641	-3.56433	-4.0057	1.6097	15.5526	1.44111	15.6517	-3.04644	-4.08832	0.119627	0.0905341	0.613751	0.536065	0
L	1.14882	15.541	-3.49222	-4.04671	1.18395	15.4284	1.29021	15.4463	-2.99207	-4.13364	0.119741	0.0905544	0.613258	0.534815	0
R	0.967038	15.3457	-3.51318	-4.04296	0.828993	15.528	1.14201	15.2386	-2.93825	-4.1773	0.120064	0.0906402	0.613081	0.53362	0
L	0.766079	15.1222	-3.5786	-4.08207	0.722706	15.0075	0.996486	15.0288	-2.88503	-4.21933	0.120825	0.0906539	0.613487	0.532438	0
R	0.609213	14.9404	-3.51931	-3.97811	1.03147	15.2134	0.853604	14.8169	-2.83246	-4.25977	0.121703	0.0908368	0.613854	0.531533	0
L	0.551238	14.734	-3.20003	-3.98515	0.737301	14.7047	0.71333	14.603	-2.78061	-4.29864	0.121924	0.091067	0.613085	0.530719	0
R	0.414873	14.4879	-3.13356	-4.30526	0.722177	14.2445	0.575628	14.3872	-2.72952	-4.33598	0.122134	0.0911143	0.612274	0.529481	0
L	0.256425	14.2614	-3.13724	-4.32564	0.253435	14.2029	0.440459	14.1696	-2.67925	-4.37181	0.122494	0.0911175	0.611647	0.528258	0
R	0.0981451	14.0033	-3.13535	-4.66413	-0.0328023	13.9604	0.307779	13.9502	-2.62984	-4.40617	0.12304	0.0909781	0.611198	0.527326	0
L	0.140408	13.7582	-2.59525	-4.66967	0.459172	13.6856	0.177545	13.7292	-2.58135	-4.43909	0.122782	0.0907896	0.609789	0.526342	0
R	0.0157517	13.5115	-2.57885	-4.81817	0.0524412	13.6377	0.0497099	13.5065	-2.53381	-4.47061	0.122521	0.0905817	0.608396	0.525661	0
L	-0.142673	13.2726	-2.65903	-4.81693	-0.190344	13.2856	-0.0757753	13.2823	-2.48728	-4.50075	0.122325	0.0903771	0.607116	0.524894	0
R	-0.278724	13.0533	-2.67299	-4.66334	-0.275043	13.1456	-0.198962	13.0566	-2.44179	-4.52955	0.122165	0.0901717	0.605936	0.523778	0
L	-0.236626	12.8422	-2.19658	-4.6061	0.0462308	12.9301	-0.319903	12.8295	-2.39739	-4.55704	0.122017	0.0899715	0.604714	0.522602	0
R	-0.374087	12.6129	-2.27611	-4.52003	-0.684792	12.3563	-0.438654	12.6011	-2.35412	-4.58326	0.121819	0.0897722	0.603373	0.521441	0
L	-0.483844	12.3832	-2.26487	-4.52627	-0.476482	12.3633	-0.555273	12.3714	-2.31202	-4.60823	0.12164	0.0895742	0.602027	0.520299	0
R	-0.623884	12.1699	-2.33845	-4.52221	-0.972122	12.5207	-0.669818	12.1404	-2.27111	-4.63198	0.121407	0.0893957	0.600699	0.519188	0
L	-0.67986	11.9615	-2.17276	-4.48276	-0.582624	12.0386	-0.78235	11.9083	-2.23144	-4.65456	0.121329	0.0892674	0.599375	0.51816	0
R	-0.826529	11.7251	-2.27369	-4.56169	-1.26757	11.6495	-0.892931	11.6751	-2.19304	-4.67598	0.121141	0.0891317	0.598072	0.517068	0
L	-1.02865	11.4767	-2.51513	-4.61106	-1.17212	11.3988	-1.00163	11.4409	-2.15594	-4.69628	0.120887	0.088967	0.597229	0.515959	0
R	-1.13691	11.2481	-2.478	-4.51086	-0.891441	10.959	-1.1085	11.2057	-2.12017	-4.71549	0.120636	0.0888162	0.596389	0.515005	0
L	-1.30909	11.0226	-2.60998	-4.52011	-1.39289	11.0424	-1.21362	10.9695	-2.08575	-4.73364	0.120538	0.0886915	0.596093	0.514073	0
R	-1.41225	10.7686	-2.49878	-4.80473	-1.29894	10.9012	-1.31706	10.7324	-2.05273	-4.75075	0.120439	0.0885306	0.595522	0.512966	0
L	-1.52582	10.5116	-2.46849	-4.8326	-1.49687	10.4198	-1.41889	10.4945	-2.02111	-4.76686	0.120384	0.0883459	0.59496	0.511873	0
R	-1.63769	10.2399	-2.4134	-5.02303	-1.59293	10.0212	-1.51917	10.2559	-1.99093	-4.78198	0.120376	0.0881615	0.594324	0.511014	0
L	-1.69915	10.0356	-2.24831	-4.92104	-1.61875	10.2374	-1.61797	10.0165	-1.96221	-4.79615	0.120235	0.087981	0.593344	0.509982	0
R	-1.78888	9.80475	-2.19069	-4.85513	-1.59702	9.96554	-1.71539	9.77637	-1.93498	-4.80939	0.120074	0.0878124	0.59231	0.508899	0
L	-1.83395	9.59459	-2.01143	-4.77595	-1.73381	9.71347	-1.81147	9.53564	-1.90924	-4.82172	0.119827	0.0877098	0.591086	0.507824	0
R	-1.96315	9.33192	-2.06074	-4.97145	-2.27191	9.37316	-1.90631	9.29431	-1.88502	-4.83316	0.11963	0.087558	0.589944	0.506827	0
L	-2.03596	9.0353	-1.9823	-5.05079	-1.93833	8.77028	-1.99998	9.05243	-1.86233	-4.84374	0.119401	0.0873801	0.588749	0.505936	0
R	-2.11477	8.8146	-1.94477	-4.89995	-1.96565	9.13274	-2.09256	8.81003	-1.8412	-4.85347	0.119158	0.0871969	0.587549	0.504881	0
L	-2.20145	8.56637	-1.91619	-4.90221	-2.1768	8.5411	-2.18412	8.56717	-1.82164	-4.86238	0.118914	0.0870143	0.586351	0.50383	0
R	-2.34404	8.30107	-2.037	-4.99643	-2.65862	8.19477	-2.27474	8.32388	-1.80365	-4.87047	0.11875	0.0868453	0.585322	0.502845	0
L	-2.36493	8.08168	-1.81073	-4.90707	-2.21875	8.15339	-2.3645	8.0802	-1.78726	-4.87778	0.118504	0.086665	0.584108	0.501804	0
R	-2.412	7.87557	-1.67824	-4.83119	-2.273	8.52315	-2.45348	7.83617	-1.77248	-4.8843	0.118289	0.0865228	0.582932	0.500778	0
L	-2.53031	7.62253	-1.77434	-4.86813	-2.59674	7.60288	-2.54177	7.59184	-1.75931	-4.89006	0.118047	0.0863671	0.581732	0.499748	0
R	-2.69591	7.37982	-2.03357	-4.77771	-3.08256	7.38874	-2.62944	7.34723	-1.74777	-4.89507	0.117882	0.0862151	0.580827	0.49878	0
L	-2.80264	7.12659	-2.05018	-4.80789	-2.79865	7.064	-2.71658	7.10238	-1.73786	-4.89933	0.11777	0.0860529	0.579983	0.497795	0
R	-2.85877	6.89363	-1.8573	-4.91011	-2.79412	7.20818	-2.80326	6.85734	-1.72958	-4.90286	0.117583	0.085909	0.578861	0.496783	0
L	-2.87545	6.70383	-1.63862	-4.75712	-2.74651	6.86867	-2.88957	6.61214	-1.72295	-4.90566	0.117348	0.0859332	0.577713	0.495866	0
R	-2.91423	6.4941	-1.56688	-4.56802	-2.57673	6.36755	-2.97559	6.36681	-1.71797	-4.90774	0.117176	0.0861398	0.576626	0.495335	0
L	-2.96877	6.26481	-1.50289	-4.55565	-2.90217	6.22989	-3.0614	6.12139	-1.71464	-4.90911	0.117088	0.0864457	0.575624	0.494847	0
R	-3.10022	6.005	-1.61771	-4.74212	-3.50172	6.10796	-3.14709	5.87592	-1.71297	-4.90976	0.116891	0.0866581	0.574503	0.49397	0
L	-3.19659	5.72047	-1.6726	-4.84887	-3.1778	5.53101	-3.23274	5.63043	-1.71295	-4.9097	0.11668	0.0866718	0.573363	0.493	0
R	-3.3037	5.4697	-1.80374	-4.77957	-3.19736	5.19093	-3.31843	5.38496	-1.71458	-4.90893	0.116452	0.0866642	0.572252	0.492088	0
L	-3.41224	5.20207	-1.86097	-4.85347	-3.43031	5.10507	-3.40424	5.13955	-1.71787	-4.90745	0.116223	0.086582	0.571191	0.491126	0
R	-3.47819	4.9557	-1.72344	-4.93122	-3.4281	4.94644	-3.49026	4.89422	-1.72281	-4.90525	0.115997	0.0864974	0.570065	0.490161	0
L	-3.60929	4.65975	-1.85522	-5.07653	-3.69435	4.52196	-3.57657	4.64902	-1.72939	-4.90233	0.115787	0.0863303	0.569001	0.489321	0
R	-3.71294	4.40444	-1.97192	-4.99115	-3.50501	4.17643	-3.66325	4.40398	-1.73763	-4.89868	0.115602	0.0861615	0.568077	0.488399	0
L	-3.86219	4.118	-2.11053	-5.121	-4.00238	4.04684	-3.75039	4.15913	-1.74749	-4.8943	0.115588	0.086032	0.567423	0.487652	0
R	-3.93617	3.8823	-1.92758	-5.13282	-4.06447	4.10977	-3.83806	3.91452	-1.75899	-4.88918	0.115525	0.0858885	0.56642	0.486943	0
L	-3.99302	3.66446	-1.82073	-5.00033	-3.88053	3.75177	-3.92635	3.67019	-1.77212	-4.8833	0.115376	0.0857233	0.565333	0.486056	0
R	-4.07521	3.47932	-1.86004	-4.76386	-4.23729	3.88878	-4.01533	3.42616	-1.78686	-4.87666	0.115214	0.0856218	0.564263	0.485171	0
L	-4.16604	3.23685	-1.85635	-4.77298	-4.15119	3.21968	-4.10509	3.18248	-1.8032	-4.86925	0.115055	0.0855238	0.563191	0.484277	0
R	-4.28359	2.97598	-1.98109	-4.81461	-4.27467	2.88187	-4.19571	2.93919	-1.82113	-4.86104	0.114964	0.0853907	0.562202	0.483361	0
L	-4.38066	2.69187	-1.9888	-4.93028	-4.32451	2.55034	-4.28727	2.69633	-1.84065	-4.85202	0.114889	0.0852287	0.561206	0.482465	0
R	-4.46583	2.44446	-1.90564	-4.94615	-4.38481	2.39989	-4.37985	2.45393	-1.86173	-4.84218	0.114793	0.0850691	0.560149	0.481593	0
L	-4.57397	2.16844	-1.93858	-5.03929	-4.61223	2.09192	-4.47352	2.21205	-1.88436	-4.83149	0.114743	0.0849507	0.559101	0.480853	0
R	-4.67443	1.9468	-2.12796	-4.88541	-4.29257	1.92854	-4.56836	1.97072	-1.90853	-4.81994	0.114711	0.0848035	0.558211	0.479965	0
L	-4.79985	1.65669	-2.17058	-5.03719	-4.86829	1.53442	-4.66444	1.72998	-1.93422	-4.80751	0.114796	0.0847633	0.557353	0.479272	0
R	-4.92129	1.40601	-2.25805	-5.0278	-4.98165	1.43611	-4.76186	1.48989	-1.9614	-4.79417	0.114995	0.08476	0.556607	0.478589	0
L	-4.97281	1.19508	-2.14013	-4.85954	-4.66779	1.28643	-4.86066	1.25049	-1.99007	-4.7799	0.114984	0.0846698	0.555647	0.477724	0
R	-5.0638	0.996561	-2.07023	-4.71838	-4.98594	1.10894	-4.96095	1.01182	-2.02019	-4.76468	0.114941	0.0845179	0.554625	0.476847	0
L	-5.11697	0.779917	-1.97772	-4.62763	-4.85498	0.825661	-5.06277	0.77393	-2.05174	-4.74848	0.114776	0.0843626	0.553619	0.476023	0
R	-5.21987	0.453192	-2.06723	-4.9207	-4.84736	0.18101	-5.16621	0.536876	-2.08471	-4.73127	0.114611	0.0843602	0.552602	0.475285	0
L	-5.29137	0.220292	-2.01086	-4.86364	-5.1231	0.257311	-5.27133	0.300706	-2.11906	-4.71303	0.114408	0.084346	0.551627	0.474502	0
R	-5.40003	-0.0707357	-1.89549	-5.01293	-5.99809	-0.290765	-5.3782	0.0654719	-2.15477	-4.69374	0.114206	0.0845931	0.550843	0.474027	0
L	-5.46466	-0.29409	-1.849	-4.91678	-5.29972	-0.212982	-5.4869	-0.168772	-2.1918	-4.67335	0.114007	0.0847767	0.550229	0.473392	0
R	-5.58214	-0.456138	-2.01186	-4.67257	-5.64447	-0.144522	-5.59748	-0.401971	-2.23014	-4.65185	0.113804	0.0846858	0.549388	0.472536	0
L	-5.71615	-0.618803	-2.10426	-4.45973	-5.85359	-0.445801	-5.71001	-0.634069	-2.26974	-4.62919	0.113599	0.0845377	0.548486	0.471792	0
R	-5.83243	-0.845845	-2.35379	-4.51217	-5.30947	-0.724468	-5.82456	-0.865006	-2.31058	-4.60536	0.113395	0.0843934	0.547504	0.470976	0
L	-5.93231	-1.12903	-2.29457	-4.68658	-5.87835	-1.26863	-5.94118	-1.09472	-2.35262	-4.58032	0.113193	0.084267	0.546533	0.470174	0
R	-6.02054	-1.41053	-2.21683	-4.82731	-5.68069	-1.52871	-6.05993	-1.32316	-2.39581	-4.55404	0.113015	0.0842783	0.545661	0.469618	0
L	-6.161	-1.60598	-2.29589	-4.69019	-6.27263	-1.50938	-6.18087	-1.55025	-2.44014	-4.52648	0.11282	0.0841939	0.544758	0.468883	0
R	-6.3026	-1.85563	-2.58518	-4.81201	-6.11355	-1.75966	-6.30406	-1.77593	-2.48555	-4.49762	0.11262	0.0841784	0.543823	0.468425	0
L	-6.41376	-2.11211	-2.54189	-4.85969	-6.34007	-2.13685	-6.42954	-2.00014	-2.532	-4.46742	0.112425	0.0842927	0.542862	0.468178	0
R	-6.5662	-2.30313	-2.55371	-4.68013	-6.99344	-2.17445	-6.55738	-2.22281	-2.57946	-4.43585	0.112228	0.084279	0.541907	0.467578	0
L	-6.71691	-2.50531	-2.61701	-4.58606	-6.79288	-2.4458	-6.68761	-2.44386	-2.62788	-4.40288	0.112044	0.0842097	0.540956	0.466883	0
R	-6.87325	-2.71831	-2.71537	-4.55136	-7.14408	-2.67584	-6.82029	-2.66323	-2.6772	-4.36847	0.111892	0.0841255	0.540014	0.466191	0
L	-6.96028	-3.00402	-2.58603	-4.72338	-6.8003	-3.10086	-6.95546	-2.88084	-2.7274	-4.3326	0.111697	0.084293	0.539137	0.46595	0
R	-7.08715	-3.23029	-2.53742	-4.67262	-7.13937	-3.22028	-7.09316	-3.09663	-2.7784	-4.29523	0.111504	0.0845143	0.538388	0.465671	0
L	-7.20935	-3.41129	-2.55898	-4.52987	-7.12118	-3.26434	-7.23344	-3.3105	-2.83017	-4.25632	0.11132	0.084576	0.537692	0.465143	0
R	-7.35178	-3.67648	-2.59307	-4.64564	-7.77186	-4.08999	-7.37632	-3.5224	-2.88265	-4.21586	0.111137	0.0849135	0.537034	0.465026	0
L	-7.51362	-3.78437	-2.73021	-4.30328	-7.49009	-3.49081	-7.52184	-3.73223	-2.93579	-4.1738	0.110947	0.0848225	0.536246	0.464288	0
R	-7.65734	-3.99928	-2.8266	-4.34455	-7.52393	-3.88213	-7.67004	-3.93992	-2.98953	-4.13012	0.110759	0.0847484	0.535411	0.463663	0
L	-7.80914	-4.23439	-2.83774	-4.38877	-7.88049	-4.29783	-7.82094	-4.14538	-3.04381	-4.08479	0.110572	0.0847633	0.534633	0.463211	0
R	-7.95641	-4.46277	-2.85167	-4.41529	-8.08524	-4.57834	-7.97457	-4.34854	-3.09857	-4.03778	0.110389	0.0848808	0.533917	0.462947	0
L	-8.11602	-4.70747	-2.87319	-4.4722	-8.22492	-4.79812	-8.13095	-4.5493	-3.15376	-3.98906	0.110205	0.0852357	0.533261	0.463016	0
R	-8.25171	-4.9112	-2.72175	-4.33326	-8.453	-4.95621	-8.2901	-4.74759	-3.2093	-3.93862	0.110041	0.0856214	0.533113	0.462802	0
L	-8.37845	-5.1258	-2.70357	-4.33113	-8.33552	-5.1059	-8.45204	-4.94331	-3.26514	-3.88641	0.109939	0.0861305	0.533212	0.462743	0
R	-8.52475	-5.28656	-2.70267	-4.14831	-8.55062	-4.79248	-8.61678	-5.13637	-3.32121	-3.83242	0.109884	0.086425	0.533521	0.462328	0
L	-8.71379	-5.47808	-2.82374	-4.08908	-8.91477	-5.51752	-8.78433	-5.32669	-3.37745	-3.77663	0.109776	0.0867234	0.53359	0.461908	0
R	-8.87036	-5.68267	-2.88964	-4.10569	-9.04115	-5.69364	-8.95469	-5.51417	-3.43377	-3.71901	0.109701	0.0871236	0.533625	0.461677	0
L	-9.02704	-5.86063	-2.92961	-4.03273	-9.03391	-5.80267	-9.12788	-5.69872	-3.49012	-3.65955	0.109672	0.0874779	0.533717	0.461411	0
R	-9.16381	-6.01322	-2.88345	-3.87776	-8.86897	-5.41973	-9.30388	-5.88026	-3.54643	-3.59823	0.109787	0.0876675	0.534197	0.460928	0
L	-9.34467	-6.09198	-3.02004	-3.57764	-9.30811	-5.82368	-9.4827	-6.05868	-3.60261	-3.53503	0.109892	0.0875436	0.534363	0.460173	0
R	-9.52065	-6.28219	-3.13729	-3.6434	-9.80646	-6.41174	-9.66432	-6.23389	-3.6586	-3.46994	0.11002	0.0874433	0.534321	0.459523	0
L	-9.65637	-6.49817	-3.07621	-3.73537	-9.62547	-6.55958	-9.84874	-6.4058	-3.71431	-3.40295	0.110391	0.0874599	0.534694	0.459164	0
R	-9.88109	-6.66554	-3.36878	-3.75067	-10.6688	-6.35543	-10.0359	-6.57431	-3.76969	-3.33404	0.110565	0.0874725	0.534311	0.459031	0
L	-10.0918	-6.82995	-3.46877	-3.67744	-10.2246	-6.83402	-10.2259	-6.73933	-3.82463	-3.26321	0.11065	0.0874829	0.533827	0.458893	0
R	-10.2729	-6.9993	-3.53256	-3.6658	-10.2205	-6.71044	-10.4186	-6.90075	-3.87907	-3.19046	0.110781	0.0875211	0.533325	0.458947	0
L	-10.511	-7.1843	-3.66038	-3.64611	-10.7616	-7.29159	-10.614	-7.05849	-3.93293	-3.11577	0.110757	0.087672	0.532687	0.459196	0
R	-10.7118	-7.33263	-3.71785	-3.55696	-10.8944	-6.83335	-10.8121	-7.21245	-3.98613	-3.03916	0.110725	0.0877962	0.532046	0.459397	0
L	-10.9672	-7.49547	-3.87066	-3.49289	-11.2219	-7.56979	-11.0128	-7.36252	-4.03859	-2.96062	0.110577	0.0879786	0.531275	0.45965	0
R	-11.1435	-7.64664	-3.76638	-3.38747	-10.986	-7.3707	-11.2161	-7.50862	-4.09021	-2.88015	0.110476	0.0881844	0.53074	0.45981	0
L	-11.2904	-7.79805	-3.68805	-3.35997	-11.0934	-7.6776	-11.422	-7.65064	-4.14093	-2.79777	0.11055	0.0884368	0.530509	0.460174	0
R	-11.4749	-7.93735	-3.69023	-3.28101	-11.4213	-7.46085	-11.6304	-7.78849	-4.19066	-2.71349	0.110722	0.0886946	0.530416	0.460555	0
L	-11.6575	-8.02874	-3.71936	-3.10494	-11.5269	-7.8215	-11.8413	-7.92208	-4.23932	-2.6273	0.11103	0.0887573	0.530383	0.460611	0
R	-11.8355	-8.15714	-3.61211	-2.97123	-11.9422	-7.88317	-12.0546	-8.05131	-4.28682	-2.53924	0.111537	0.0888165	0.530902	0.460523	0
L	-12.0563	-8.23042	-3.72972	-2.77218	-12.09	-8.08828	-12.2702	-8.17609	-4.33309	-2.44932	0.112007	0.0887288	0.531146	0.460153	0
R	-12.284	-8.37007	-4.01825	-2.89506	-12.4462	-8.02117	-12.4881	-8.29633	-4.37802	-2.35756	0.112414	0.0886857	0.530694	0.460417	0
L	-12.4973	-8.44168	-4.07592	-2.71218	-12.4231	-8.2599	-12.7082	-8.41193	-4.42156	-2.26399	0.112857	0.0885622	0.530215	0.460379	0
R	-12.6851	-8.54597	-3.92223	-2.55194	-12.7461	-8.19449	-12.9304	-8.5228	-4.4636	-2.16863	0.113512	0.0884332	0.53025	0.460158	0
L	-12.9799	-8.62158	-4.14906	-2.38563	-13.2911	-8.64594	-13.1547	-8.62886	-4.50407	-2.07151	0.113755	0.0882963	0.529794	0.459776	0
R	-13.2264	-8.73395	-4.30585	-2.39965	-13.7929	-8.47158	-13.381	-8.73002	-4.54289	-1.97267	0.113905	0.0881594	0.529136	0.459677	0
L	-13.4576	-8.77167	-4.37296	-2.19242	-13.384	-8.57583	-13.6092	-8.82619	-4.57997	-1.87214	0.114041	0.088075	0.528441	0.459311	0
R	-13.6486	-8.83801	-4.15279	-1.98098	-13.6376	-8.26343	-13.8392	-8.91729	-4.61524	-1.76997	0.114356	0.0880492	0.52825	0.458751	0
L	-13.8826	-8.94019	-4.20561	-1.97809	-13.9959	-8.99264	-14.0709	-9.00324	-4.64861	-1.6662	0.114657	0.0879832	0.528009	0.458372	0
R	-14.1345	-9.04305	-4.45681	-2.07596	-14.4737	-8.79552	-14.3043	-9.08395	-4.68001	-1.56086	0.114867	0.0878774	0.527344	0.458556	0
L	-14.3691	-9.15266	-4.47856	-2.08548	-14.4273	-9.1875	-14.5391	-9.15936	-4.70936	-1.45402	0.115076	0.0877437	0.526691	0.459184	0
R	-14.5772	-9.25102	-4.34599	-2.01342	-14.5757	-9.32634	-14.7754	-9.22939	-4.73658	-1.34573	0.115421	0.0876179	0.52633	0.459964	0
L	-14.8876	-9.2234	-4.58684	-1.66213	-15.062	-9.04396	-15.013	-9.29397	-4.76161	-1.23603	0.115452	0.0875711	0.525618	0.459865	0
R	-15.1332	-9.31959	-4.57469	-1.66358	-15.6189	-9.69365	-15.2517	-9.35302	-4.78436	-1.125	0.115462	0.0874577	0.524948	0.460124	0
L	-15.4139	-9.42507	-4.67191	-1.69767	-15.6682	-9.56749	-15.4916	-9.40649	-4.80476	-1.01269	0.115366	0.0873315	0.524205	0.460968	0
R	-15.6299	-9.48926	-4.44655	-1.53551	-15.9382	-9.35751	-15.7324	-9.45431	-4.82275	-0.899159	0.115329	0.087221	0.523822	0.461596	0
L	-15.9013	-9.55246	-4.55127	-1.48266	-16.0862	-9.59819	-15.9741	-9.49642	-4.83827	-0.784484	0.115225	0.087144	0.523271	0.462488	0
R	-16.1321	-9.59237	-4.47396	-1.33913	-16.6033	-8.85459	-16.2164	-9.53277	-4.85124	-0.668734	0.115145	0.0870746	0.522895	0.46325	0
L	-16.4005	-9.5559	-4.60251	-1.06704	-16.4229	-9.37029	-16.4594	-9.5633	-4.8616	-0.55198	0.115018	0.0869455	0.522306	0.463413	0
R	-16.5917	-9.5915	-4.45128	-0.993928	-16.011	-9.33486	-16.7027	-9.58797	-4.8693	-0.434301	0.115006	0.0868162	0.522026	0.463729	0
L	-16.9016	-9.53971	-4.66314	-0.709194	-17.1132	-9.43043	-16.9464	-9.60673	-4.87427	-0.315773	0.114862	0.0867641	0.521378	0.463536	0
R	-17.1414	-9.62207	-4.70733	-0.850448	-16.9255	-10.8571	-17.1903	-9.61954	-4.87646	-0.196479	0.114722	0.0866358	0.520687	0.464215	0
L	-17.4223	-9.61716	-4.81474	-0.715239	-17.5448	-9.57485	-17.4342	-9.62636	-4.87583	-0.0765024	0.114555	0.0865094	0.51993	0.464826	0
R	-17.6604	-9.6376	-4.67691	-0.604149	-18.1371	-9.39146	-17.6781	-9.62717	-4.87232	0.0440703	0.11439	0.0863839	0.519273	0.465471	0
L	-17.9354	-9.576	-4.78974	-0.360227	-17.9724	-9.42299	-17.9216	-9.62194	-4.86588	0.165151	0.114225	0.086293	0.518527	0.465658	0
R	-18.157	-9.57297	-4.62208	-0.242554	-18.3083	-9.18778	-18.1648	-9.61064	-4.85648	0.286648	0.114059	0.0861908	0.517923	0.465857	0
L	-18.3619	-9.60465	-4.5638	-0.301166	-18.2763	-9.60997	-18.4074	-9.59325	-4.84408	0.40847	0.113919	0.0860673	0.517389	0.466753	0
R	-18.5824	-9.61935	-4.5922	-0.325275	-18.2443	-9.58547	-18.6493	-9.56977	-4.82864	0.530522	0.11381	0.0859837	0.516794	0.468352	0
L	-18.8536	-9.57993	-4.69224	-0.170684	-18.9545	-9.51544	-18.8904	-9.54017	-4.81012	0.652707	0.113663	0.0858856	0.516083	0.469769	0
R	-19.0673	-9.56785	-4.64595	-0.120725	-18.6983	-9.02886	-19.1305	-9.50447	-4.78851	0.774927	0.113549	0.0858291	0.515394	0.471555	0
L	-19.3444	-9.40683	-4.78665	0.313996	-19.2983	-9.09865	-19.3694	-9.46265	-4.76378	0.897083	0.113393	0.0857577	0.514652	0.471914	0
R	-19.5569	-9.36484	-4.55765	0.456537	-19.7037	-8.79906	-19.6069	-9.41472	-4.73591	1.01907	0.113262	0.0856762	0.514001	0.472199	0
L	-19.838	-9.1997	-4.70411	0.833732	-19.8731	-8.96417	-19.8431	-9.36071	-4.70487	1.1408	0.1131	0.0859864	0.513264	0.471809	0
R	-20.0652	-9.11368	-4.61682	0.981774	-20.3815	-7.6755	-20.0775	-9.30061	-4.67066	1.26215	0.11294	0.0864429	0.512539	0.471372	0
L	-20.2208	-9.26754	-4.41374	0.441961	-20.1607	-9.59663	-20.3102	-9.23446	-4.63328	1.38303	0.11288	0.0863377	0.511942	0.473373	0
R	-20.4429	-9.25874	-4.3932	0.416907	-20.4587	-9.7448	-20.5409	-9.16227	-4.59271	1.50334	0.11284	0.0863682	0.511325	0.476234	0
L	-20.6905	-9.12171	-4.48024	0.720452	-20.6596	-8.91527	-20.7696	-9.08409	-4.54895	1.62296	0.112759	0.086269	0.510613	0.477979	0
R	-20.9191	-9.06889	-4.37499	0.815216	-21.5568	-8.5005	-20.9959	-8.99994	-4.50202	1.74179	0.112674	0.0862249	0.509936	0.479837	0
L	-21.1298	-8.97392	-4.37422	0.949851	-21.0195	-8.85081	-21.2198	-8.90987	-4.45191	1.85972	0.112616	0.0861705	0.509234	0.481588	0
R	-21.3484	-8.917	-4.25016	1.02533	-21.8628	-8.64129	-21.4412	-8.81393	-4.39865	1.97666	0.112565	0.0862226	0.508579	0.483547	0
L	-21.549	-8.8729	-4.22537	1.00311	-21.5029	-8.87191	-21.6597	-8.71217	-4.34224	2.0925	0.11256	0.086521	0.507904	0.486299	0
R	-21.7194	-8.77566	-3.88972	1.21664	-21.9514	-7.41274	-21.8754	-8.60465	-4.2827	2.20712	0.112705	0.0868715	0.50762	0.488433	0
L	-21.9385	-8.65641	-3.95184	1.37355	-21.9793	-8.57089	-22.0881	-8.49143	-4.22007	2.32043	0.112824	0.0871863	0.50711	0.490306	0
R	-22.1398	-8.5675	-4.0108	1.40983	-22.1914	-7.70392	-22.2975	-8.37258	-4.15437	2.43232	0.112973	0.0876691	0.506461	0.492581	0
L	-22.3986	-8.42407	-4.13984	1.61485	-22.5838	-8.35296	-22.5035	-8.24817	-4.08564	2.5427	0.112952	0.0880358	0.505768	0.494316	0
R	-22.5729	-8.34206	-3.92837	1.66048	-22.3177	-8.57758	-22.7061	-8.11829	-4.01391	2.65145	0.113013	0.0886973	0.505088	0.496373	0
L	-22.8558	-8.02318	-4.147	2.29218	-22.9861	-7.6724	-22.9049	-7.98301	-3.93923	2.75848	0.112886	0.0886001	0.50451	0.496293	0
R	-23.0288	-7.91186	-3.78062	2.37074	-23.2693	-8.32031	-23.1	-7.84243	-3.86163	2.8637	0.112793	0.0885532	0.503835	0.496284	0
L	-23.283	-7.68852	-3.92513	2.66015	-23.4777	-7.56583	-23.2911	-7.69663	-3.78118	2.967	0.112639	0.0884328	0.5032	0.495864	0
R	-23.4781	-7.54352	-3.94136	2.68651	-23.473	-7.02103	-23.4781	-7.54572	-3.69792	3.06828	0.112485	0.088312	0.502674	0.495588	0
L	-23.6539	-7.40014	-3.90328	2.70404	-23.5408	-7.36069	-23.6609	-7.3898	-3.61191	3.16746	0.112332	0.0881932	0.502219	0.495503	0
R	-23.8362	-7.24797	-3.76728	2.77816	-24.0505	-6.56968	-23.8393	-7.22897	-3.52321	3.26445	0.11218	0.0880789	0.501697	0.495478	0
L	-23.9989	-7.17313	-3.70811	2.6049	-23.9384	-7.26171	-24.0132	-7.06336	-3.43189	3.35916	0.11203	0.0881449	0.501223	0.496362	0
R	-24.1547	-7.01474	-3.45051	2.72815	-24.3577	-5.94086	-24.1825	-6.89307	-3.33801	3.45149	0.111888	0.0882527	0.50058	0.497115	0
L	-24.3426	-6.7122	-3.50754	3.16399	-24.2574	-6.4352	-24.347	-6.71823	-3.24166	3.54138	0.111737	0.0881342	0.500095	0.496831	0
R	-24.4962	-6.56528	-3.21886	3.18983	-24.788	-7.18367	-24.5066	-6.53896	-3.14289	3.62873	0.111588	0.0880262	0.499438	0.496684	0
L	-24.5924	-6.43925	-3.09373	3.08633	-24.3008	-6.43799	-24.6612	-6.35538	-3.0418	3.71347	0.111496	0.0880154	0.498775	0.49708	0
R	-24.7208	-6.27601	-2.91852	3.1338	-24.6108	-6.00878	-24.8107	-6.16764	-2.93846	3.79553	0.111444	0.0880761	0.498109	0.497593	0
L	-24.9266	-6.02585	-3.04261	3.39243	-25.146	-5.91902	-24.955	-5.97587	-2.83295	3.87484	0.111305	0.0879964	0.497562	0.497553	0
R	-25.0467	-5.83636	-2.84993	3.46709	-24.8975	-5.02285	-25.094	-5.7802	-2.72537	3.95132	0.111183	0.087927	0.496942	0.497518	0
L	-25.1911	-5.65521	-2.85431	3.48792	-25.1941	-5.64372	-25.2276	-5.58079	-2.61581	4.02492	0.111052	0.087894	0.496434	0.497627	0
R	-25.3341	-5.4805	-2.80204	3.49948	-25.5328	-5.4399	-25.3556	-5.37777	-2.50435	4.09557	0.11091	0.0879365	0.496013	0.497913	0
L	-25.5006	-5.22104	-2.85995	3.72682	-25.5713	-5.10241	-25.4779	-5.1713	-2.39109	4.16322	0.11077	0.0878576	0.495944	0.497761	0
R	-25.6177	-5.06248	-2.75357	3.65716	-25.0178	-6.55904	-25.5946	-4.96152	-2.27613	4.22781	0.11063	0.0878946	0.495896	0.497966	0
L	-25.7443	-4.89029	-2.73225	3.62685	-25.6952	-4.89995	-25.7055	-4.7486	-2.15956	4.2893	0.110503	0.0880788	0.496113	0.498469	0
R	-25.8543	-4.70181	-2.53181	3.66597	-25.8162	-4.40681	-25.8105	-4.53268	-2.04149	4.34764	0.110381	0.0883881	0.496098	0.499037	0
L	-25.9861	-4.41985	-2.54978	3.92669	-25.9516	-4.26659	-25.9096	-4.31392	-1.92202	4.40279	0.110306	0.0884384	0.496487	0.498978	0
R	-26.0867	-4.23062	-2.0857	3.9629	-26.8953	-4.43966	-26.0027	-4.0925	-1.80125	4.45471	0.110246	0.088604	0.496053	0.498959	0
L	-26.1919	-3.89374	-2.09697	4.32889	-26.1198	-3.67723	-26.0897	-3.86856	-1.67928	4.50337	0.110225	0.0884981	0.495865	0.49839	0
R	-26.2581	-3.68337	-1.68292	4.3481	-26.5652	-3.85723	-26.1706	-3.64227	-1.55623	4.54875	0.110173	0.0884082	0.495265	0.497849	0
L	-26.2922	-3.3895	-1.59547	4.54204	-25.9974	-3.24722	-26.2453	-3.41381	-1.4322	4.59081	0.110056	0.0883025	0.494694	0.497212	0
R	-26.3338	-3.16122	-1.29259	4.56334	-26.2976	-3.01078	-26.3138	-3.18332	-1.30729	4.62954	0.109919	0.0881958	0.494057	0.496582	0
L	-26.3631	-2.91731	-1.22896	4.59984	-26.1741	-2.87885	-26.376	-2.95098	-1.18162	4.66493	0.109779	0.0880989	0.493427	0.495954	0
R	-26.4114	-2.70274	-1.0863	4.56655	-26.4681	-3.44967	-26.4319	-2.71697	-1.05529	4.69696	0.109644	0.0879888	0.492796	0.495362	0
L	-26.4939	-2.57583	-1.13611	4.30161	-26.674	-2.73852	-26.4815	-2.48143	-0.928411	4.72562	0.109505	0.0880058	0.492278	0.495193	0
R	-26.5397	-2.35008	-1.01721	4.33625	-26.657	-1.72382	-26.5247	-2.24456	-0.80109	4.75091	0.109368	0.0880549	0.491771	0.495004	0
L	-26.6026	-2.14795	-1.0389	4.29882	-26.6691	-2.17333	-26.5616	-2.0065	-0.673434	4.77284	0.109248	0.0882318	0.491491	0.494952	0
R	-26.6232	-1.92214	-0.872336	4.33077	-26.3248	-1.32261	-26.5921	-1.76744	-0.545553	4.79141	0.109121	0.0884638	0.491142	0.494868	0
L	-26.637	-1.63858	-0.818013	4.50506	-26.4671	-1.53207	-26.6161	-1.52753	-0.417552	4.80664	0.108988	0.0885282	0.490934	0.494474	0
R	-26.6255	-1.43253	-0.406634	4.45973	-26.4998	-2.19526	-26.6338	-1.28695	-0.289538	4.81852	0.108851	0.0887186	0.490349	0.494178	0
L	-26.639	-1.1831	-0.393806	4.52925	-26.5998	-1.14277	-26.6451	-1.04586	-0.161616	4.8271	0.108714	0.088874	0.48987	0.493781	0
R	-26.6599	-0.973074	-0.234847	4.48836	-27.2008	-1.67679	-26.65	-0.804425	-0.0338883	4.83238	0.108579	0.089164	0.489358	0.493462	0
L	-26.6828	-0.686464	-0.252584	4.65434	-26.7355	-0.59539	-26.6485	-0.562811	0.0935412	4.83439	0.108456	0.0892671	0.489051	0.492926	0
R	-26.6635	-0.451887	0.113835	4.65753	-26.9891	0.0351487	-26.6406	-0.321181	0.220572	4.83317	0.108326	0.0893946	0.488469	0.492388	0
L	-26.6256	-0.106636	0.178329	4.95367	-26.4553	0.0602653	-26.6264	-0.0796947	0.347104	4.82874	0.108191	0.0892932	0.487932	0.491813	0
R	-26.5982	0.134621	0.440428	4.93025	-26.9537	0.136943	-26.6059	0.161489	0.473041	4.82116	0.108057	0.0891922	0.487327	0.491231	0
L	-26.5825	0.459503	0.435209	5.13856	-26.6201	0.57588	-26.5792	0.402213	0.598287	4.81045	0.107923	0.0891271	0.48679	0.490893	0
R	-26.5588	0.707593	0.530652	5.11049	-26.8241	0.381506	-26.5462	0.642323	0.722748	4.79667	0.107791	0.089076	0.486281	0.490534	0
L	-26.5632	1.00071	0.478686	5.21111	-26.7293	1.06082	-26.5069	0.881666	0.846334	4.77986	0.107695	0.0891624	0.486024	0.490396	0
R	-26.5099	1.28413	0.583948	5.26912	-25.9562	2.60409	-26.4616	1.12009	0.968955	4.76007	0.107588	0.0894239	0.485801	0.490443	0
L	-26.4692	1.49828	0.598699	5.13825	-26.3986	1.42212	-26.4101	1.35745	1.09053	4.73737	0.107496	0.0895863	0.485816	0.490243	0
R	-26.4199	1.7069	0.786742	4.99473	-26.5072	-0.563928	-26.3526	1.59361	1.21096	4.71181	0.107416	0.0896521	0.485674	0.489842	0
L	-26.3803	1.89138	0.778319	4.82184	-26.3594	1.79315	-26.2891	1.82841	1.33018	4.68345	0.107379	0.0895965	0.485847	0.489291	0
R	-26.3041	2.11787	1.10288	4.75783	-26.3475	1.82827	-26.2197	2.06173	1.44811	4.65235	0.107329	0.0895301	0.485554	0.488721	0
L	-26.2531	2.28718	1.0853	4.57617	-26.2502	2.18481	-26.1444	2.29342	1.56467	4.61859	0.107333	0.0894217	0.485539	0.488131	0
R	-26.1814	2.50847	1.19467	4.54758	-26.069	2.27896	-26.0633	2.52336	1.67979	4.58223	0.10736	0.0893161	0.485538	0.487541	0
L	-26.1103	2.76589	1.21989	4.6273	-26.0641	2.80701	-25.9765	2.75141	1.79339	4.54334	0.107432	0.0892107	0.48577	0.486968	0
R	-26.0102	2.9837	1.64754	4.54543	-26.3234	3.02388	-25.8841	2.97746	1.90543	4.502	0.107482	0.0891035	0.485349	0.486384	0
L	-25.906	3.29733	1.70188	4.77441	-25.8345	3.42005	-25.7861	3.20139	2.01582	4.45828	0.107513	0.0891206	0.485008	0.486046	0
R	-25.8147	3.53351	1.87126	4.74357	-26.1824	3.73376	-25.6826	3.42306	2.12452	4.41227	0.107579	0.089178	0.484584	0.485733	0
L	-25.7169	3.71869	1.86915	4.60664	-25.6666	3.63509	-25.5737	3.64239	2.23146	4.36404	0.107679	0.0891493	0.484328	0.485296	0
R	-25.5934	3.92421	2.10065	4.5115	-25.5773	3.13316	-25.4596	3.85924	2.3366	4.31367	0.107749	0.0890993	0.483886	0.484811	0
L	-25.538	4.07996	1.99557	4.32428	-25.7492	3.99968	-25.3402	4.07353	2.43989	4.26125	0.108053	0.0889935	0.483795	0.484242	0
R	-25.4085	4.27712	2.21644	4.2445	-25.3516	3.75691	-25.2157	4.28514	2.54127	4.20686	0.108334	0.0888883	0.483479	0.483669	0
L	-25.2493	4.51658	2.31079	4.31996	-25.0214	4.52803	-25.0863	4.49399	2.64071	4.15058	0.108496	0.0887895	0.483172	0.483165	0
R	-25.0883	4.71792	2.43885	4.27553	-24.2719	4.30917	-24.9518	4.69998	2.73817	4.09251	0.108571	0.0886886	0.482819	0.482674	0
L	-24.9805	4.91003	2.40795	4.21735	-25.0363	4.88499	-24.8126	4.90303	2.83361	4.03273	0.10875	0.0885843	0.482692	0.482187	0
R	-24.8146	5.10643	2.65469	4.14708	-24.3609	4.95947	-24.6686	5.10304	2.92701	3.97132	0.108853	0.0884799	0.482304	0.481694	0
L	-24.6493	5.33816	2.72066	4.21441	-24.5041	5.35293	-24.5201	5.29995	3.01833	3.90839	0.108905	0.0883952	0.481952	0.481355	0
R	-24.4687	5.52526	3.083	4.08794	-24.4379	5.24592	-24.367	5.49367	3.10754	3.84401	0.108888	0.0883047	0.481388	0.480935	0
L	-24.2864	5.69457	3.12592	3.99973	-24.1159	5.61152	-24.2095	5.68414	3.19464	3.77827	0.108824	0.0882027	0.480835	0.480491	0
R	-24.1141	5.85923	3.35946	3.85283	-24.5638	4.75836	-24.0477	5.8713	3.27959	3.71127	0.108745	0.0881015	0.480289	0.479979	0
L	-23.947	6.01183	3.34685	3.74838	-23.9153	5.94377	-23.8818	6.05508	3.36239	3.64309	0.108663	0.0880235	0.479729	0.479446	0
R	-23.7892	6.21158	3.20411	3.81501	-23.5491	6.44495	-23.7117	6.23542	3.44302	3.57383	0.108601	0.0879286	0.47931	0.479029	0
L	-23.6391	6.35836	3.1728	3.69917	-23.6471	6.29102	-23.5377	6.41227	3.52148	3.50357	0.108585	0.0878649	0.479048	0.478566	0
R	-23.4789	6.53858	3.26847	3.65918	-23.7544	6.53746	-23.3598	6.58559	3.59775	3.4324	0.108611	0.0877923	0.478755	0.478136	0
L	-23.2512	6.79523	3.4103	3.86051	-23.0099	6.86182	-23.1781	6.75533	3.67185	3.36041	0.108542	0.0877118	0.478367	0.478188	0
R	-23.0436	6.94689	3.60221	3.71526	-22.7862	5.74143	-22.9928	6.92146	3.74376	3.28768	0.108444	0.0876192	0.477864	0.478078	0
L	-22.8382	7.1176	3.64498	3.68075	-22.6991	7.063	-22.804	7.08393	3.8135	3.21431	0.108332	0.0875334	0.477383	0.478051	0
R	-22.6124	7.27066	3.94033	3.53254	-22.418	6.76159	-22.6117	7.24273	3.88106	3.14038	0.108208	0.0874432	0.476843	0.477872	0
L	-22.4422	7.39075	3.87096	3.38198	-22.5083	7.31524	-22.4161	7.39782	3.94647	3.06598	0.108091	0.0873437	0.476311	0.477564	0
R	-22.1977	7.54225	4.28763	3.23047	-22.0543	7.85452	-22.2173	7.54917	4.00974	2.99118	0.107972	0.0872446	0.475952	0.477156	0
L	-22.0238	7.6843	4.20425	3.17251	-22.1947	7.69478	-22.0154	7.69679	4.07087	2.91607	0.10785	0.0871472	0.475453	0.476769	0
R	-21.8223	7.87728	4.14165	3.28189	-21.6178	9.0351	-21.8105	7.84064	4.12989	2.84074	0.107728	0.0870656	0.474912	0.476691	0
L	-21.6294	8.00122	4.10064	3.17618	-21.6473	7.94	-21.6026	7.98072	4.18681	2.76526	0.107614	0.0869723	0.474391	0.476552	0
R	-21.4276	8.14537	4.18222	3.10023	-21.8637	7.78661	-21.392	8.11703	4.24166	2.68971	0.107505	0.0868843	0.473863	0.476413	0
L	-21.2313	8.13916	4.09945	2.6865	-21.0853	7.83229	-21.1787	8.24957	4.29447	2.61417	0.107413	0.0869446	0.473418	0.475887	0
R	-21.0252	8.30509	4.0329	2.80143	-20.5503	9.28616	-20.9628	8.37833	4.34526	2.53871	0.107333	0.0869162	0.473117	0.475515	0
L	-20.8629	8.44941	3.95883	2.80335	-21.0519	8.50983	-20.7444	8.50333	4.39406	2.46341	0.107359	0.0868561	0.473036	0.475253	0
R	-20.6018	8.58463	4.36504	2.68275	-19.9265	9.40847	-20.5237	8.62457	4.4409	2.38835	0.107302	0.0867792	0.472519	0.474925	0
L	-20.3516	8.72321	4.42847	2.70157	-20.21	8.68914	-20.3006	8.74206	4.48582	2.31358	0.107209	0.0866867	0.471998	0.474748	0
R	-20.1412	8.86353	4.35636	2.73624	-20.2277	8.8532	-20.0753	8.85583	4.52884	2.23919	0.107135	0.0865907	0.471541	0.474799	0
L	-19.9637	8.93997	4.25415	2.57401	-20.0633	8.86724	-19.848	8.96589	4.57001	2.16524	0.107154	0.0865028	0.471251	0.474662	0
R	-19.756	9.06098	4.2443	2.55148	-19.9264	8.78179	-19.6186	9.07227	4.60937	2.09179	0.107231	0.0864083	0.471042	0.47463	0
L	-19.5526	9.11509	4.19765	2.36478	-19.4861	8.96665	-19.3873	9.17499	4.64694	2.01891	0.107394	0.0863585	0.470995	0.474383	0
R	-19.2937	9.24257	4.48114	2.31175	-18.5719	10.2069	-19.1542	9.27409	4.68278	1.94666	0.107476	0.0862757	0.470569	0.474169	0
L	-19.0039	9.33684	4.6017	2.27603	-18.6786	9.19191	-18.9193	9.36959	4.71692	1.8751	0.107431	0.0861942	0.470081	0.47402	0
R	-18.7782	9.42862	4.68846	2.16425	-19.2825	8.98189	-18.6827	9.46154	4.7494	1.80429	0.107406	0.086113	0.469571	0.473798	0
L	-18.5251	9.52473	4.7204	2.13934	-18.4242	9.46852	-18.4446	9.54996	4.78028	1.73429	0.107354	0.0860265	0.469063	0.473658	0
R	-18.2452	9.57461	5.04207	1.86768	-18.1634	8.72444	-18.2049	9.63492	4.80959	1.66514	0.107253	0.0859785	0.468675	0.473234	0
L	-17.9401	9.70944	5.16591	1.98552	-17.7736	9.72478	-17.9639	9.71643	4.83737	1.59691	0.107142	0.085885	0.468414	0.473065	0
R	-17.6761	9.82233	5.0925	2.07378	-17.2296	9.97767	-17.7214	9.79457	4.86368	1.52964	0.107045	0.085801	0.468025	0.473232	0
L	-17.409	9.91875	5.11452	2.05965	-17.3436	9.88109	-17.4777	9.86936	4.88856	1.46338	0.106977	0.0857385	0.467634	0.473535	0
R	-17.142	10.0172	5.23175	1.99351	-17.1554	10.212	-17.2328	9.94087	4.91205	1.39818	0.106944	0.0857192	0.467363	0.473833	0
L	-16.879	10.1255	5.23843	2.01499	-16.8876	10.145	-16.9868	10.0091	4.93421	1.33408	0.106946	0.0857975	0.467071	0.474381	0
R	-16.6057	10.2124	5.33389	1.93423	-16.5958	10.1078	-16.7396	10.0743	4.95507	1.27113	0.107012	0.0859452	0.466898	0.47487	0
L	-16.3794	10.2903	5.24199	1.87593	-16.5153	10.3091	-16.4915	10.1362	4.97469	1.20937	0.107023	0.0861502	0.466559	0.475367	0
R	-16.1036	10.378	5.37329	1.79475	-16.09	10.5824	-16.2424	10.1952	4.99311	1.14883	0.107102	0.086475	0.46639	0.475801	0
L	-15.9058	10.3575	5.1734	1.50659	-16.006	10.1843	-15.9924	10.2511	5.01039	1.08956	0.107062	0.0865228	0.465949	0.475682	0
R	-15.6475	10.4297	5.19158	1.48447	-15.7234	10.41	-15.7416	10.3041	5.02655	1.03159	0.107035	0.0866254	0.465512	0.475634	0
L	-15.4658	10.3839	4.97112	1.17113	-15.5699	10.1904	-15.4899	10.3543	5.04166	0.974957	0.106927	0.0865435	0.465025	0.475211	0
R	-15.1465	10.4296	5.35418	0.9938	-14.2385	10.9109	-15.2376	10.4016	5.05576	0.919692	0.106895	0.0864606	0.464732	0.474716	0
L	-14.8935	10.4706	5.31925	0.96825	-14.9365	10.4722	-14.9846	10.4462	5.06889	0.865828	0.106864	0.0863757	0.46438	0.474233	0
R	-14.6482	10.5029	5.12557	1.02754	-14.724	9.63507	-14.7309	10.4882	5.0811	0.813394	0.106818	0.0862864	0.463891	0.473831	0
L	-14.4333	10.4492	4.98611	0.763619	-14.4088	10.222	-14.4766	10.5276	5.09243	0.762418	0.106724	0.0862705	0.463424	0.473328	0
R	-14.1624	10.479	5.10091	0.69551	-13.9005	10.5238	-14.2218	10.5645	5.10293	0.712926	0.106645	0.0862688	0.462933	0.472827	0
L	-13.834	10.6555	5.32707	1.05657	-13.8049	10.9383	-13.9665	10.5989	5.11263	0.664944	0.106707	0.0862169	0.462548	0.47267	0
R	-13.5681	10.7213	5.26837	1.13993	-13.3956	10.7857	-13.7107	10.631	5.12159	0.618496	0.106795	0.0862256	0.462109	0.472778	0
L	-13.3433	10.7044	5.14745	0.953771	-13.3556	10.5517	-13.4545	10.6608	5.12983	0.573603	0.106805	0.0861581	0.461623	0.472602	0
R	-13.0663	10.7383	5.29136	0.836446	-12.9374	10.8137	-13.1979	10.6884	5.13741	0.530288	0.106863	0.086098	0.461192	0.472314	0
L	-12.8162	10.8299	5.28597	0.946994	-12.9591	11.0099	-12.9409	10.7138	5.14436	0.48857	0.106904	0.0861718	0.460754	0.472285	0
R	-12.5359	10.8901	5.3523	0.960974	-12.2518	11.2495	-12.6836	10.7373	5.15071	0.448467	0.107005	0.0863649	0.460364	0.472373	0
L	-12.3331	10.8314	5.15355	0.693028	-12.3713	10.6091	-12.426	10.7587	5.15651	0.409997	0.106978	0.0863386	0.459883	0.472057	0
R	-12.0693	10.869	5.16631	0.704338	-11.9352	10.9161	-12.1681	10.7783	5.16179	0.373177	0.106961	0.0863478	0.459404	0.471807	0
L	-11.8302	10.9305	5.13793	0.757695	-11.9451	11.0515	-11.91	10.7961	5.16658	0.338022	0.106912	0.0864755	0.458928	0.471705	0
R	-11.5379	10.9594	5.2758	0.687828	-10.9703	10.9676	-11.6516	10.8121	5.17092	0.304546	0.106926	0.0866458	0.458477	0.471539	0
L	-11.3297	10.9584	5.13258	0.588182	-11.4548	10.9407	-11.393	10.8265	5.17484	0.272761	0.106855	0.0867637	0.458006	0.471269	0
R	-11.0505	10.9066	5.46427	0.0765968	-11.3472	10.5111	-11.1342	10.8394	5.17836	0.242681	0.106812	0.0867277	0.457717	0.470842	0
L	-10.754	10.8687	5.49422	-0.0088397	-10.6009	10.6823	-10.8753	10.8509	5.18153	0.214317	0.106844	0.0866421	0.457465	0.470466	0
R	-10.4907	10.8702	5.446	0.0162198	-10.6563	10.8369	-10.6161	10.8609	5.18435	0.187679	0.106885	0.0865539	0.457149	0.470046	0
L	-10.2736	10.8499	5.30885	-0.0503053	-10.4142	10.8747	-10.3569	10.8697	5.18687	0.162776	0.106842	0.0864696	0.456712	0.469662	0
R	-10.0219	10.9014	5.12388	0.271819	-9.90413	11.2255	-10.0976	10.8772	5.1891	0.139618	0.106788	0.0863879	0.456254	0.469219	0
L	-9.76447	10.9561	5.14906	0.363092	-9.83445	11.1032	-9.83809	10.8837	5.19106	0.118212	0.10673	0.0863617	0.455791	0.46887	0
R	-9.54092	10.9275	5.10388	0.174572	-10.195	10.3498	-9.57852	10.8891	5.19278	0.0985664	0.106635	0.086291	0.455343	0.468404	0
L	-9.281	10.9588	5.12723	0.225467	-9.3066	11.0348	-9.31887	10.8936	5.19428	0.0806865	0.10654	0.0862533	0.45489	0.467972	0
R	-9.03807	10.9328	5.09844	0.108851	-9.2226	10.3527	-9.05915	10.8972	5.19557	0.0645787	0.106436	0.0861806	0.454448	0.4675	0
L	-8.77053	10.9702	5.14558	0.182093	-8.78899	11.0707	-8.79937	10.9001	5.19667	0.050248	0.106336	0.086151	0.453993	0.467064	0
R	-8.53738	10.9196	5.09464	-0.00933648	-8.83914	10.0319	-8.53953	10.9023	5.19759	0.0376992	0.106228	0.0860673	0.453557	0.466596	0
L	-8.41345	10.8207	4.72935	-0.26252	-8.62045	10.6577	-8.27965	10.9039	5.19835	0.0269359	0.106291	0.0860615	0.453588	0.466306	0
R	-8.16108	10.8292	4.76408	-0.189205	-7.91543	11.1157	-8.01974	10.905	5.19896	0.0179617	0.106373	0.0860421	0.453552	0.465928	0
L	-7.77955	10.9042	5.15254	0.0386998	-7.51971	11.0005	-7.75979	10.9057	5.19942	0.0107791	0.10627	0.0859555	0.4531	0.465461	0
R	-7.51129	10.9031	5.14932	0.0779047	-7.25987	10.6458	-7.49981	10.9061	5.19975	0.00539029	0.106164	0.0858693	0.45265	0.465005	0
L	-7.23246	10.8959	5.19534	0.0613838	-7.15631	10.815	-7.23983	10.9063	5.19994	0.00179692	0.106059	0.0857845	0.452197	0.464546	0
