L	0.312243	0.58034	0	0	0.312243	0.58034	0.6	0.6	5.19994	0	0.287757	0.0196602	5.19994	0	0
R	0.733497	0.62764	7.2482	-2.4006e-16	0.862916	0.534212	0.859997	0.600045	5.19975	0.00179686	0.222268	0.0239583	3.95193	0.00127057	0
L	1.16054	0.494821	7.19322	-0.917378	1.17385	0.481073	1.11998	0.600225	5.19943	0.00538996	0.182986	0.0639217	3.42592	0.532761	73.5871
R	1.2572	0.533389	7.18255	0.868861	0.969149	0.397513	1.37996	0.600629	5.19898	0.0107781	0.169942	0.0647672	3.12831	0.630042	0.218955
L	1.6166	0.595213	7.15703	1.15567	1.65063	0.62469	1.6399	0.601347	5.19839	0.0179597	0.152357	0.0579944	2.93195	0.759235	1.8278
R	1.85143	0.563631	5.93995	0.190191	1.62331	0.499091	1.89982	0.60247	5.19766	0.0269323	0.140479	0.0552649	2.69359	0.696281	0.163674
L	2.16072	0.593921	5.9378	0.275284	2.18882	0.648739	2.1597	0.604086	5.19678	0.0376932	0.130059	0.0513093	2.50946	0.650856	6.8946
R	2.37594	0.641791	5.46274	0.404443	1.96701	0.557117	2.41954	0.606284	5.19573	0.0502389	0.122631	0.0496101	2.34928	0.621566	0.242834
L	2.6488	0.661514	5.46783	0.354077	2.65526	0.66598	2.67932	0.609155	5.1945	0.0645654	0.116065	0.049923	2.2168	0.593911	5.02736
R	2.91561	0.655874	5.42324	0.117596	2.92034	0.645898	2.93904	0.612786	5.19309	0.080668	0.110358	0.0492822	2.1043	0.563554	0.0036607
L	3.14792	0.654643	5.37626	0.0502221	3.01222	0.637046	3.19869	0.617267	5.19147	0.0985415	0.106329	0.0483213	2.00714	0.537525	0.146006
R	3.43587	0.549419	5.3847	-0.789192	3.56096	0.485311	3.45825	0.622685	5.18963	0.11818	0.102007	0.0508694	1.92252	0.577465	1.05258
L	3.74019	0.435354	5.33183	-1.49556	3.89365	0.311793	3.71772	0.62913	5.18754	0.139576	0.0982035	0.0726433	1.84753	0.716576	1.53301
R	4.01926	0.520058	5.48014	-0.733934	4.19786	0.698311	3.97708	0.636689	5.18519	0.162724	0.0953003	0.0766273	1.78207	0.730911	2.36876
L	4.29287	0.51363	5.45901	-0.686151	4.30935	0.578564	4.23632	0.645449	5.18256	0.187614	0.0932195	0.0814783	1.72312	0.741292	3.92525
R	4.54962	0.558283	5.32616	-0.391702	4.61908	0.68951	4.49542	0.655498	5.17962	0.214238	0.0912705	0.0825498	1.6688	0.733565	0.299286
L	4.72762	0.674724	5.09732	0.191936	4.35143	0.899174	4.75437	0.666921	5.17634	0.242587	0.0887828	0.0801074	1.61909	0.711768	1.56661
R	4.97948	0.671906	5.00412	0.13719	5.20902	0.66599	5.01315	0.679804	5.1727	0.272649	0.0866458	0.0778726	1.57398	0.692451	11.3566
L	5.27852	0.662742	5.09623	0.0593662	5.51894	0.648233	5.27175	0.694234	5.16867	0.304413	0.0843491	0.0761392	1.53209	0.676323	0.972646
R	5.53974	0.667613	5.25943	0.0666619	5.22835	0.639362	5.53013	0.710295	5.16422	0.337868	0.0822414	0.0748225	1.49344	0.661981	3.12126
L	5.83793	0.679897	5.32117	0.084258	6.022	0.708619	5.78828	0.728072	5.15932	0.372999	0.0809875	0.0737722	1.45788	0.649093	1.92966
R	6.07849	0.606271	5.12973	-0.20071	5.89392	0.373584	6.04618	0.747647	5.15393	0.409793	0.0794249	0.0781246	1.42437	0.647389	1.85016
L	6.33014	0.71845	5.10853	0.184349	6.34249	0.948833	6.30379	0.769103	5.14803	0.448233	0.0778731	0.0771339	1.39309	0.635545	3.3569
R	6.58026	0.750052	5.06325	0.257357	6.62134	0.836138	6.5611	0.792523	5.14157	0.488305	0.0763337	0.0760059	1.36385	0.623947	3.62324
L	6.82523	0.747061	5.05231	0.216646	6.78214	0.714036	6.81808	0.817988	5.13452	0.52999	0.0748051	0.0758093	1.33639	0.614545	0.275799
R	7.06642	0.730697	4.88135	0.132771	7.29121	0.630741	7.07469	0.845578	5.12685	0.573269	0.0733703	0.0776763	1.31133	0.608771	0.168832
L	7.2784	0.813545	4.81386	0.349397	7.13735	0.957217	7.3309	0.875373	5.11851	0.618123	0.0727044	0.0771474	1.28815	0.599626	1.76964
R	7.57877	0.824486	5.1624	0.359304	8.08349	0.819605	7.58668	0.907449	5.10946	0.664531	0.07141	0.0773626	1.26498	0.591639	2.48659
L	7.83317	0.802176	5.16049	0.255175	7.80533	0.719126	7.84199	0.941886	5.09966	0.712469	0.0701871	0.0803222	1.24303	0.587518	5.35388
R	8.08088	0.819522	4.98132	0.262303	8.40453	0.884557	8.0968	0.978759	5.08907	0.761915	0.0690686	0.0841536	1.22229	0.584801	0.494456
L	8.31605	0.836501	4.95653	0.279007	8.24796	0.840322	8.35106	1.01814	5.07766	0.812843	0.0682357	0.0889813	1.20261	0.583227	2.1817
R	8.59026	0.925939	5.23589	0.512827	8.45858	1.41118	8.60472	1.06011	5.06537	0.865226	0.0672097	0.0907348	1.18406	0.577412	0.247861
L	8.83269	0.985974	5.19229	0.627921	8.74615	1.04858	8.85775	1.10473	5.05216	0.919037	0.0663272	0.0917099	1.16623	0.57085	6.55345
R	9.12492	1.02605	5.24032	0.675732	9.8809	1.1419	9.1101	1.15208	5.03798	0.974245	0.0653939	0.0929006	1.14948	0.564717	0.67383
L	9.36525	1.05902	5.19869	0.70047	9.25579	1.04913	9.36172	1.20223	5.0228	1.03082	0.0644557	0.0947095	1.13333	0.559385	6.77256
R	9.64636	1.13503	5.24587	0.840572	10.1016	1.52474	9.61255	1.25524	5.00656	1.08873	0.0638036	0.0955098	1.11819	0.55311	0.64005
L	9.92559	1.2666	5.24729	1.11676	10.0484	1.44598	9.86254	1.31118	4.98922	1.14794	0.0637831	0.0944949	1.10379	0.545608	4.2893
R	10.17	1.35923	4.98715	1.22375	10.5377	1.72555	10.1117	1.37011	4.97074	1.20841	0.063647	0.0932599	1.08917	0.538387	2.90373
L	10.39	1.43833	4.91649	1.31968	10.2492	1.45907	10.3598	1.4321	4.95106	1.2701	0.0630116	0.0920619	1.07513	0.531499	4.67001
R	10.6188	1.52053	4.6837	1.37425	10.9084	1.70343	10.6069	1.49721	4.93014	1.33298	0.0622471	0.0909787	1.06232	0.524854	1.09386
L	10.8355	1.54652	4.64632	1.32362	10.7313	1.45265	10.853	1.56549	4.90794	1.39701	0.061544	0.0899111	1.05008	0.518541	2.60754
R	11.1056	1.59989	4.8353	1.37107	11.4783	1.42876	11.0979	1.637	4.8844	1.46213	0.0608184	0.0890187	1.03753	0.512523	1.13527
L	11.3874	1.64491	4.8997	1.35675	11.587	1.61462	11.3416	1.71179	4.85948	1.52832	0.0605107	0.0885667	1.02542	0.507204	2.60691
R	11.617	1.70008	4.80517	1.35433	11.4763	1.53917	11.584	1.78992	4.83313	1.59551	0.0600255	0.0885961	1.01371	0.502723	2.20753
L	11.8443	1.76298	4.77157	1.38321	11.7788	1.74591	11.8251	1.87144	4.80531	1.66366	0.0594233	0.0890856	1.00239	0.498861	0.625383
R	12.1035	1.85792	4.9283	1.52277	12.136	2.14937	12.0647	1.95639	4.77598	1.73273	0.0590503	0.0893002	0.991692	0.494379	0.243443
L	12.349	1.88284	4.92433	1.43097	12.3226	1.78353	12.3029	2.04482	4.74508	1.80265	0.0588049	0.09145	0.981434	0.492087	1.46848
R	12.6067	1.9459	5.03036	1.4644	12.5457	1.77728	12.5394	2.13677	4.71257	1.87338	0.0589941	0.0945928	0.972239	0.490499	0.700136
L	12.8086	2.08359	4.91543	1.67291	12.5924	2.17509	12.7743	2.23227	4.67842	1.94485	0.0585935	0.0960015	0.962863	0.48702	0.60946
R	13.0781	2.2002	5.05711	1.83847	13.2198	2.66441	13.0075	2.33137	4.64258	2.01701	0.0588585	0.0968301	0.954987	0.482786	3.17679
L	13.2855	2.34297	4.93897	2.02465	13.0875	2.40708	13.2388	2.43409	4.605	2.08981	0.0586445	0.0967213	0.946733	0.478117	2.46916
R	13.457	2.48958	4.52544	2.11894	12.7087	3.12439	13.4682	2.54047	4.56565	2.16317	0.0580983	0.0960464	0.937603	0.473537	2.45813
L	13.7068	2.60142	4.5366	2.19942	13.836	2.62479	13.6955	2.65053	4.52448	2.23703	0.0575684	0.0953748	0.928717	0.469077	10.8222
R	13.9258	2.71448	4.47879	2.26565	13.8302	2.73893	13.9208	2.7643	4.48147	2.31134	0.057037	0.0947304	0.920077	0.464755	0.913005
L	14.1544	2.86758	4.4417	2.43013	14.2106	2.94205	14.1439	2.88179	4.43656	2.38601	0.0565341	0.0938848	0.911675	0.460549	0.111998
R	14.4066	2.98639	4.60878	2.54797	14.5568	2.87021	14.3646	3.00303	4.38974	2.46099	0.0563068	0.0930693	0.903972	0.456566	0.528062
L	14.6147	3.04724	4.55351	2.43908	14.4616	2.90734	14.583	3.12802	4.34097	2.5362	0.0559681	0.0928679	0.89645	0.452726	1.32328
R	14.846	3.2126	4.59493	2.64181	14.6754	3.96041	14.7989	3.25679	4.29021	2.61157	0.0558277	0.0922464	0.889588	0.448824	2.47652
L	15.0587	3.40705	4.50281	2.86705	15.0261	3.5067	15.0122	3.38932	4.23744	2.68703	0.055683	0.0914904	0.882694	0.445621	3.26755
R	15.2667	3.57861	4.29848	2.95671	15.3685	4.14761	15.2228	3.52563	4.18263	2.76249	0.0555067	0.0909822	0.875435	0.442602	0.780579
L	15.4823	3.76317	4.23386	3.12288	15.5236	3.82936	15.4306	3.66572	4.12575	2.83789	0.0554459	0.091092	0.86834	0.440474	2.58472
R	15.6922	3.89802	4.17511	3.13685	15.7234	3.4105	15.6355	3.80957	4.06678	2.91315	0.0554657	0.0910499	0.861418	0.43783	0.377904
L	15.9155	4.03217	4.15752	3.14929	15.9774	4.00094	15.8375	3.95719	4.00571	2.98817	0.0558939	0.090817	0.854768	0.434815	1.11957
R	16.1102	4.18837	3.95973	3.1471	16.3376	4.21632	16.0363	4.10854	3.94251	3.0629	0.0562191	0.0906555	0.848067	0.431533	0.29361
L	16.3053	4.38168	3.88781	3.30381	16.3313	4.44499	16.2319	4.26363	3.87716	3.13723	0.0565232	0.0911394	0.841519	0.428699	1.36822
R	16.5166	4.54771	3.90502	3.40043	16.7586	4.48231	16.4242	4.42242	3.80966	3.21109	0.057235	0.0917517	0.835202	0.426077	0.303623
L	16.6936	4.70863	3.81687	3.44382	16.6039	4.67344	16.613	4.5849	3.74	3.28438	0.0576535	0.0923105	0.828999	0.423333	0.737065
R	16.8474	4.88297	3.47927	3.38155	16.9236	5.10119	16.7983	4.75103	3.66817	3.35704	0.0575366	0.0930159	0.8232	0.42022	0.493345
L	17.0057	5.11186	3.36139	3.5922	16.9955	5.21099	16.9799	4.92077	3.59416	3.42897	0.0572024	0.095162	0.817693	0.417626	2.94762
R	17.1791	5.26992	3.31405	3.61246	17.3421	4.64623	17.1579	5.09409	3.51797	3.50008	0.0568491	0.096789	0.812197	0.41485	0.703845
L	17.3339	5.44933	3.22316	3.6738	17.2894	5.43542	17.3319	5.27094	3.4396	3.57028	0.0564478	0.0984091	0.806866	0.412101	1.49123
R	17.4939	5.60239	3.14032	3.64606	17.6463	4.74597	17.5019	5.45128	3.35907	3.63949	0.0560624	0.0993328	0.801658	0.40923	0.114797
L	17.683	5.72011	3.15113	3.54662	17.7853	5.62476	17.6679	5.63506	3.27637	3.70762	0.0557053	0.099151	0.796283	0.406854	2.70228
R	17.8322	5.90065	3.01713	3.56364	17.9216	6.07151	17.8297	5.82221	3.19151	3.77458	0.0553284	0.0988999	0.791144	0.404839	1.30582
L	18.0014	6.10264	2.97952	3.67458	18.1263	6.16985	17.9872	6.01269	3.10453	3.84027	0.054983	0.098786	0.785985	0.402586	0.500536
R	18.1554	6.30625	2.94729	3.80174	18.1245	6.79027	18.1402	6.20641	3.01542	3.90462	0.0546477	0.0987999	0.780836	0.400103	1.07531
L	18.2741	6.56099	2.79397	4.01325	18.2164	6.66138	18.2888	6.40332	2.92421	3.96753	0.0543178	0.0997873	0.775891	0.39753	0.966205
R	18.4083	6.77055	2.682	4.07555	18.4022	7.02231	18.4328	6.60333	2.83093	4.0289	0.0540396	0.100937	0.771086	0.395009	0.945791
L	18.5553	6.89925	2.65991	3.94255	18.5422	6.76013	18.572	6.80638	2.7356	4.08867	0.0537292	0.100839	0.766237	0.392845	0.26932
R	18.7069	7.10831	2.69367	4.08647	18.8089	7.24388	18.7064	7.01237	2.63825	4.14672	0.0533924	0.100779	0.761458	0.39044	1.33058
L	18.9064	7.24506	2.7725	3.95696	19.1441	7.18344	18.8359	7.22122	2.53893	4.20299	0.0536367	0.10019	0.757188	0.388984	0.779125
R	18.9991	7.42872	2.51635	3.85715	18.5479	7.4012	18.9604	7.43283	2.43767	4.25737	0.0534798	0.0995787	0.752607	0.389123	3.57971
L	19.0833	7.71725	2.33486	4.12959	19.0138	7.8688	19.0798	7.64712	2.3345	4.3098	0.0531581	0.0992759	0.74806	0.387278	3.52482
R	19.2074	7.9197	2.30333	4.19281	19.3089	7.67375	19.1939	7.86397	2.22949	4.36017	0.0528613	0.0988703	0.743637	0.385398	1.9956
L	19.2839	8.14434	2.146	4.27155	19.132	8.12845	19.3028	8.08329	2.12266	4.40842	0.0525894	0.0985098	0.739254	0.383412	0.280592
R	19.3841	8.35424	2.10203	4.35516	19.0239	8.17194	19.4062	8.30497	2.01409	4.45445	0.0523369	0.0980794	0.735005	0.381327	1.26963
L	19.4808	8.49171	2.0442	4.19721	19.347	8.30741	19.5042	8.5289	1.90381	4.49819	0.0520958	0.0975956	0.730923	0.3805	2.1056
R	19.5763	8.68993	1.93561	4.17141	19.6843	8.35902	19.5966	8.75494	1.7919	4.53956	0.0518445	0.0972866	0.72692	0.380362	3.00314
L	19.7369	8.8686	1.9932	4.12751	20.0039	8.8906	19.6835	8.983	1.67841	4.57848	0.0518632	0.0974957	0.723594	0.381227	0.411427
R	19.8159	9.07849	1.83375	4.10173	19.6061	9.48659	19.7645	9.21294	1.56341	4.61488	0.0518579	0.0979828	0.720127	0.382943	3.94668
L	19.9405	9.3231	1.8101	4.22456	20.1574	9.45949	19.8398	9.44463	1.44697	4.64869	0.0526421	0.0982722	0.717171	0.38342	0.899479
R	19.993	9.52787	1.58392	4.13029	19.6163	9.76606	19.9093	9.67795	1.32916	4.67984	0.0530781	0.0989812	0.713757	0.38561	3.49273
L	20.0723	9.78647	1.48215	4.28272	20.1573	9.90876	19.9728	9.91275	1.21005	4.70826	0.0537914	0.0993147	0.710469	0.386062	2.10698
R	20.1334	10.0427	1.39709	4.47271	19.1911	11.5493	20.0303	10.1489	1.08972	4.73389	0.0545515	0.0993909	0.707391	0.384947	1.2763
L	20.1754	10.338	1.20872	4.67182	20.166	10.4687	20.0818	10.3863	0.968259	4.75666	0.0551078	0.0989904	0.70409	0.383014	7.53271
R	20.1925	10.569	0.95654	4.59978	19.6774	10.803	20.1271	10.6247	0.845742	4.77652	0.0552251	0.0986375	0.700505	0.381441	1.18798
L	20.2452	10.8579	0.816822	4.76248	20.371	11.0109	20.1663	10.864	0.722256	4.7934	0.0555207	0.0981297	0.696951	0.379482	2.69294
R	20.2704	11.1262	0.672986	4.88916	19.4335	12.3402	20.1993	11.1041	0.597892	4.80727	0.0557008	0.0976531	0.693427	0.377632	2.18826
L	20.306	11.3616	0.565605	4.88269	20.3164	11.3483	20.2261	11.3449	0.472738	4.81807	0.0559966	0.0971733	0.689979	0.375776	4.84477
R	20.2538	11.6028	0.177982	4.70963	19.2063	12.2418	20.2466	11.5861	0.346889	4.82575	0.0557205	0.0967007	0.686729	0.374073	0.0207095
L	20.3258	11.8366	0.168677	4.7079	20.6141	11.9422	20.2608	11.8275	0.220439	4.83027	0.0558196	0.096225	0.68334	0.372415	9.66152
R	20.35	12.0774	0.164559	4.8754	19.966	11.9688	20.2687	12.0692	0.093487	4.83159	0.056127	0.0957556	0.680018	0.370611	5.04338
L	20.3302	12.382	-0.0515646	5.02671	20.3263	12.4966	20.2701	12.3108	-0.0338694	4.82968	0.0561666	0.0955475	0.676712	0.369318	4.12029
R	20.2809	12.6154	-0.336426	4.85506	20.0192	12.4823	20.2652	12.5522	-0.161529	4.82451	0.0559171	0.0952887	0.673669	0.36755	0.900538
L	20.3104	12.8436	-0.369363	4.80687	20.498	12.8924	20.254	12.7933	-0.28939	4.81605	0.0559217	0.0949607	0.670498	0.365797	2.85756
R	20.3033	13.0667	-0.464759	4.75063	20.9151	12.2555	20.2363	13.0339	-0.417348	4.80428	0.0560368	0.0945655	0.667344	0.364104	2.0601
L	20.2721	13.2687	-0.581537	4.65335	20.1943	13.1688	20.2122	13.2738	-0.545298	4.78918	0.0560735	0.0941239	0.664228	0.362637	2.09261
R	20.2355	13.5024	-0.698113	4.68359	19.858	13.5236	20.1818	13.5129	-0.673135	4.77072	0.056052	0.0936926	0.66115	0.361051	0.881994
L	20.2099	13.7713	-0.823197	4.74582	20.3245	13.8896	20.1449	13.7509	-0.800753	4.74892	0.0561404	0.0932822	0.658113	0.359392	1.35044
R	20.1584	13.9917	-0.971925	4.6482	20.3387	13.5307	20.1017	13.9878	-0.928043	4.72374	0.0561459	0.0928579	0.655129	0.357827	1.45945
L	20.0972	14.2576	-1.14377	4.70099	20.1216	14.337	20.0521	14.2233	-1.0549	4.69521	0.0560562	0.092496	0.652225	0.356212	0.760201
R	20.0257	14.4864	-1.28804	4.66764	19.6717	14.4038	19.9962	14.4573	-1.18121	4.66331	0.0558751	0.0921231	0.649386	0.354618	0.418965
L	19.9088	14.7556	-1.5492	4.71871	19.781	14.773	19.934	14.6897	-1.30687	4.62805	0.0556776	0.0919239	0.646908	0.353149	1.34643
R	19.8437	14.9714	-1.60676	4.68094	20.1149	14.0165	19.8655	14.9202	-1.43177	4.58944	0.0554702	0.0916457	0.644272	0.351701	1.04632
L	19.8241	15.1745	-1.58052	4.55738	20.0208	15.2053	19.7908	15.1486	-1.55581	4.54751	0.0553159	0.0912783	0.641469	0.350169	3.41447
R	19.7012	15.3695	-1.84835	4.2361	20.0157	15.3443	19.7099	15.3749	-1.67887	4.50226	0.0550828	0.0908854	0.638892	0.349531	2.2835
L	19.6856	15.5357	-1.78675	4.06387	19.9131	15.554	19.6229	15.5989	-1.80085	4.45372	0.0551528	0.0906843	0.636157	0.349896	7.46724
R	19.6045	15.7262	-1.86574	4.00485	19.9388	15.0864	19.5298	15.8203	-1.92164	4.40193	0.0553476	0.0907132	0.633477	0.350322	3.09167
L	19.4897	15.9544	-2.04163	4.01913	19.4748	16.0098	19.4307	16.039	-2.04114	4.3469	0.0553788	0.0906639	0.63081	0.350139	1.22338
R	19.394	16.1573	-2.10828	4.02914	19.1556	16.0022	19.3257	16.2549	-2.15925	4.28868	0.0554988	0.0907239	0.628193	0.349481	0.231375
L	19.2835	16.3371	-2.20799	3.92466	19.238	16.2719	19.2148	16.4679	-2.27586	4.22731	0.0556205	0.0911266	0.625622	0.34912	1.83376
R	19.173	16.5257	-2.30952	3.84042	19.4007	16.2962	19.0981	16.6777	-2.39087	4.16284	0.0558058	0.091789	0.623096	0.348909	0.34335
L	19.0265	16.7584	-2.50711	3.87505	19.0029	16.8387	18.9757	16.8841	-2.50418	4.0953	0.055767	0.0921153	0.620558	0.348055	0.204711
R	18.8689	16.9503	-2.74768	3.69255	18.8373	17.7112	18.8477	17.0872	-2.61571	4.02476	0.0555742	0.0925628	0.618165	0.34793	0.493267
L	18.6679	17.2188	-3.07014	3.79469	18.6148	17.3832	18.7142	17.2866	-2.72534	3.95127	0.055506	0.0923907	0.616459	0.346818	6.64036
R	18.5716	17.4209	-2.95137	3.8449	18.8177	17.0316	18.5752	17.4822	-2.83299	3.87489	0.0552863	0.0921852	0.614098	0.34545	2.09993
L	18.3419	17.6325	-3.24571	3.82187	18.1023	17.5529	18.4309	17.674	-2.93858	3.79568	0.0556317	0.0918954	0.612283	0.344095	6.014
R	18.2016	17.8292	-3.24335	3.81716	18.2749	17.4877	18.2814	17.8617	-3.042	3.71372	0.055861	0.0915808	0.610146	0.34287	3.60461
L	18.0813	18.0051	-3.23091	3.6984	18.2094	18.0461	18.1268	18.0453	-3.14318	3.62906	0.0557876	0.0912937	0.607826	0.341593	2.10247
R	17.9069	18.1557	-3.35663	3.49654	18.3021	17.498	17.9671	18.2246	-3.24204	3.5418	0.0558235	0.0911422	0.605567	0.3403	1.03181
L	17.7968	18.2776	-3.27929	3.28446	17.9018	18.2183	17.8026	18.3994	-3.3385	3.45199	0.0556123	0.0914153	0.603273	0.339314	2.24293
R	17.6719	18.4504	-3.26526	3.22752	18.8558	18.1365	17.6334	18.5697	-3.43247	3.35973	0.0555025	0.0916587	0.60116	0.338222	1.05948
L	17.4602	18.6503	-3.47541	3.24442	17.3845	18.7039	17.4595	18.7353	-3.5239	3.26509	0.0552935	0.091611	0.59891	0.336953	6.48828
R	17.2844	18.7858	-3.55764	3.08117	17.7945	18.0801	17.281	18.8962	-3.61271	3.16817	0.0550875	0.0917653	0.59669	0.335778	0.635904
L	17.1317	18.915	-3.55996	2.93427	17.1762	18.8863	17.0983	19.0521	-3.69883	3.06904	0.0549586	0.0921831	0.594596	0.334733	1.8122
R	16.9648	19.0851	-3.61079	2.90546	16.9398	19.7311	16.9113	19.203	-3.78221	2.9678	0.054948	0.0923982	0.592589	0.333543	0.206441
L	16.7418	19.2067	-3.75885	2.7775	16.5734	19.052	16.7201	19.3488	-3.86278	2.86455	0.0547784	0.0928573	0.590489	0.332406	3.02276
R	16.5467	19.3642	-3.87139	2.71427	16.1674	20.2201	16.5251	19.4894	-3.9405	2.75938	0.0546105	0.093132	0.588375	0.331222	2.77613
L	16.3018	19.5425	-4.08652	2.71581	16.2338	19.6171	16.3262	19.6246	-4.01531	2.65237	0.054453	0.0930578	0.586286	0.330072	3.27651
R	16.081	19.6226	-4.18542	2.46764	16.4366	18.2742	16.1237	19.7545	-4.08716	2.54364	0.0543779	0.0933933	0.584247	0.328954	0.752545
L	15.8717	19.7689	-4.26835	2.40234	15.9243	19.8703	15.9176	19.8789	-4.15602	2.43329	0.0543224	0.0935218	0.582248	0.327796	10.1583
R	15.6901	19.8892	-4.17898	2.33732	16.2328	19.2166	15.7082	19.9978	-4.22185	2.32141	0.0541522	0.0936362	0.580206	0.326642	0.700046
L	15.4444	20.054	-4.35132	2.34477	15.4332	20.1836	15.4956	20.111	-4.28461	2.2081	0.0541323	0.0934301	0.5782	0.325699	3.25542
R	15.2195	20.2056	-4.42925	2.33134	14.3677	21.3406	15.2799	20.2185	-4.34427	2.09347	0.0541785	0.0931113	0.576233	0.325171	1.06071
L	15.0475	20.3252	-4.36741	2.22875	15.2016	20.4385	15.0613	20.3203	-4.4008	1.97763	0.0540035	0.0927906	0.574249	0.324718	5.43451
R	14.815	20.4082	-4.4562	2.05711	14.7476	19.9571	14.84	20.4162	-4.4542	1.86068	0.053858	0.0924746	0.572279	0.324012	2.001
L	14.6038	20.5241	-4.48449	1.97863	14.6665	20.6088	14.6161	20.5063	-4.50443	1.74272	0.0536841	0.0921712	0.570332	0.323494	2.21603
R	14.3581	20.6166	-4.61912	1.83743	13.841	21.0031	14.3897	20.5904	-4.55149	1.62386	0.0535655	0.0918845	0.568429	0.322877	0.587977
L	14.1149	20.6872	-4.67932	1.68424	14.0521	20.5924	14.1611	20.6686	-4.59537	1.50421	0.0535195	0.0915883	0.56656	0.322129	1.21355
R	13.8714	20.7626	-4.77274	1.52982	13.8232	20.859	13.9304	20.7408	-4.63606	1.38386	0.053558	0.0912998	0.564778	0.321275	0.684615
L	13.5904	20.8283	-4.90672	1.3893	13.4686	20.7253	13.6977	20.807	-4.67357	1.26294	0.0540891	0.0910136	0.563225	0.320374	0.297596
R	13.3349	20.8634	-5.02518	1.13768	13.8263	20.4261	13.4632	20.8671	-4.70789	1.14153	0.0549068	0.0907142	0.561959	0.319319	1.391
L	13.1004	20.8944	-4.99959	0.942254	13.1072	20.8294	13.2271	20.9211	-4.73904	1.01975	0.0556771	0.0904431	0.560515	0.318335	2.14674
R	12.8682	20.9543	-4.97162	0.834884	13.2669	21.1579	12.9895	20.969	-4.76702	0.897694	0.0563501	0.0901567	0.558936	0.31734	0.259675
L	12.6972	20.981	-4.79976	0.660993	12.8729	21.0592	12.7506	21.0108	-4.79186	0.775469	0.056332	0.0898974	0.55713	0.316448	1.89154
R	12.4374	21.0259	-4.88161	0.545401	11.5171	21.6724	12.5106	21.0465	-4.81358	0.653175	0.0564556	0.089624	0.555368	0.315551	2.21194
L	12.1915	21.0617	-4.90704	0.424488	12.2062	21.11	12.2695	21.0761	-4.83219	0.530912	0.0566189	0.0893456	0.553629	0.314659	2.52525
R	11.9548	21.0809	-4.91591	0.271875	12.3859	21.1066	12.0276	21.0996	-4.84773	0.408778	0.0567356	0.0890748	0.551901	0.31385	0.137636
L	11.7221	21.0455	-4.86183	0.0381108	11.6814	20.8651	11.785	21.117	-4.86022	0.286869	0.0567761	0.0889752	0.550163	0.313483	0.937032
R	11.4778	21.031	-4.8525	-0.133539	11.5265	20.6748	11.5418	21.1283	-4.86971	0.165281	0.0568242	0.0890298	0.548442	0.313394	1.86302
L	11.2744	21.0188	-4.75075	-0.287846	11.363	21.0688	11.2982	21.1335	-4.87623	0.0441057	0.0566786	0.0892123	0.546826	0.313512	1.05676
R	11.0203	20.98	-4.76815	-0.475043	10.5558	20.5567	11.0544	21.1327	-4.87982	-0.076565	0.056567	0.089742	0.545206	0.314107	0.608435
L	10.8218	20.9376	-4.64678	-0.652957	10.8903	20.927	10.8105	21.1259	-4.88053	-0.196643	0.0564002	0.0906736	0.543839	0.315175	4.13342
R	10.5828	20.932	-4.52716	-0.6686	9.30535	21.3896	10.5666	21.1131	-4.8784	-0.31604	0.0562423	0.0914953	0.542872	0.315417	0.34038
L	10.2717	20.9744	-4.749	-0.646347	10.189	21.209	10.3229	21.0943	-4.87349	-0.434674	0.0562133	0.0916939	0.541311	0.314891	5.54981
R	10.0369	20.9538	-4.72717	-0.742212	9.97958	21.2932	10.0795	21.0697	-4.86585	-0.552463	0.0561412	0.0918585	0.539786	0.314286	3.88299
L	9.86298	20.9101	-4.55372	-0.880858	9.99634	20.9797	9.83658	21.0391	-4.85554	-0.669327	0.0560101	0.0921255	0.538674	0.313771	1.00859
R	9.64642	20.8933	-4.39958	-0.872672	9.38223	21.111	9.59422	21.0028	-4.84262	-0.785189	0.0559882	0.0922382	0.538155	0.312909	1.35885
L	9.46375	20.8436	-4.28582	-0.991905	9.53921	20.8762	9.35258	20.9607	-4.82714	-0.899977	0.0564735	0.0924045	0.538173	0.312062	1.72225
R	9.25709	20.7952	-4.28059	-1.11931	9.63392	20.9724	9.11177	20.9128	-4.80919	-1.01362	0.0573996	0.0925734	0.538118	0.311248	0.417169
L	8.91803	20.7812	-4.5753	-1.1337	8.70331	20.8221	8.87192	20.8594	-4.78881	-1.12605	0.0573401	0.0924958	0.53679	0.310337	1.42271
R	8.71519	20.6974	-4.49821	-1.31071	9.84634	20.009	8.63315	20.8003	-4.76608	-1.2372	0.0575143	0.09256	0.535617	0.309485	3.40561
L	8.40766	20.623	-4.66962	-1.42497	8.22277	20.4839	8.39557	20.7358	-4.74108	-1.34701	0.0573552	0.0926896	0.534094	0.308646	4.29444
R	8.17657	20.5437	-4.64705	-1.56252	8.29647	20.4978	8.1593	20.6657	-4.71387	-1.45542	0.0572052	0.0928843	0.532582	0.307865	3.1076
L	7.92505	20.4655	-4.65992	-1.66792	7.88599	20.45	7.92445	20.5903	-4.68453	-1.56237	0.0570415	0.0930981	0.531061	0.307088	0.0770862
R	7.70577	20.3807	-4.64806	-1.83346	8.29081	20.6565	7.69111	20.5096	-4.65313	-1.66781	0.05689	0.0933403	0.52955	0.306468	0.112267
L	7.35971	20.3288	-4.91032	-1.84932	7.18029	20.392	7.45939	20.4237	-4.61975	-1.7717	0.0572217	0.0933489	0.528504	0.305657	3.36142
R	7.11567	20.2371	-4.84013	-1.9212	7.09214	20.1196	7.22939	20.3326	-4.58448	-1.87399	0.0576938	0.0933607	0.527365	0.304818	2.64282
L	6.84951	20.1522	-4.86785	-1.99569	6.81542	20.1859	7.00119	20.2364	-4.54738	-1.97462	0.0586388	0.0933121	0.526435	0.303969	0.263677
R	6.61755	20.0634	-4.77702	-2.04399	6.89359	20.1536	6.7749	20.1352	-4.50854	-2.07357	0.0596401	0.0932065	0.525352	0.303132	0.160322
L	6.37953	19.9687	-4.73906	-2.12323	6.38914	20.0137	6.55059	20.0292	-4.46805	-2.17079	0.060819	0.0930573	0.524286	0.302314	0.596906
R	6.16043	19.8762	-4.66519	-2.19747	6.67637	20.2142	6.32834	19.9183	-4.42598	-2.26625	0.0619155	0.0928536	0.523144	0.301525	0.112433
L	5.89889	19.781	-4.70124	-2.25836	5.86119	19.8306	6.10823	19.8027	-4.38241	-2.35993	0.0636558	0.0926135	0.522245	0.300794	3.04543
R	5.6487	19.6392	-4.75717	-2.48095	5.28178	19.5036	5.89034	19.6824	-4.33744	-2.45178	0.0659344	0.0924165	0.521742	0.299983	0.258203
L	5.51344	19.5072	-4.44235	-2.59118	5.69089	19.5755	5.67472	19.5577	-4.29114	-2.5418	0.0668166	0.0922411	0.520449	0.299193	1.61967
R	5.31147	19.3586	-4.34013	-2.7358	5.9506	18.9859	5.46145	19.4284	-4.24359	-2.62995	0.067538	0.0921354	0.519097	0.298489	2.38665
L	5.11152	19.2542	-4.24923	-2.77365	5.17021	19.4397	5.25059	19.2948	-4.19488	-2.71622	0.0681206	0.0919367	0.517722	0.297719	1.873
R	4.93861	19.1404	-4.03759	-2.74663	5.87397	19.301	5.04219	19.157	-4.1451	-2.80059	0.0683579	0.0916999	0.516403	0.296953	2.00511
L	4.79651	18.9901	-3.82705	-2.84992	4.89149	18.982	4.8363	19.015	-4.09432	-2.88305	0.0682382	0.0914749	0.515402	0.296176	4.59703
R	4.58028	18.8398	-3.87857	-3.02507	3.98679	19.0452	4.63297	18.8689	-4.04263	-2.96359	0.0681657	0.0912582	0.514181	0.295429	0.653581
L	4.41083	18.7082	-3.75596	-3.07749	4.4685	18.834	4.43224	18.7188	-3.99012	-3.0422	0.0680046	0.0910223	0.513113	0.294666	1.64826
R	4.24583	18.5638	-3.5792	-3.07217	4.69245	18.4634	4.23416	18.5648	-3.93685	-3.11888	0.0678325	0.090785	0.512426	0.293917	1.02847
L	4.13675	18.4124	-3.34048	-3.14028	4.26269	18.481	4.03876	18.4071	-3.88293	-3.19362	0.0680233	0.0905503	0.512586	0.293179	1.06957
R	3.93535	18.2401	-3.49594	-3.47076	3.42434	18.8357	3.84606	18.2457	-3.82841	-3.26644	0.0681499	0.0903175	0.51182	0.292791	1.30609
L	3.64783	18.095	-3.70412	-3.50237	3.45919	18.167	3.65611	18.0807	-3.77339	-3.33732	0.0679775	0.0900914	0.51053	0.292278	7.00683
R	3.4965	17.9468	-3.47	-3.39746	4.3011	17.9267	3.46891	17.9122	-3.71795	-3.40627	0.0678325	0.0898953	0.509534	0.291532	2.87257
L	3.25217	17.7791	-3.58061	-3.46431	3.12525	17.7493	3.28449	17.7402	-3.66215	-3.47331	0.0676993	0.0897097	0.508272	0.290792	3.64074
R	3.05814	17.5959	-3.61571	-3.66189	2.65664	17.888	3.10287	17.565	-3.60609	-3.53844	0.0676029	0.0895098	0.506988	0.290189	1.16099
L	2.88871	17.4768	-3.53313	-3.61575	2.9449	17.8154	2.92405	17.3866	-3.54982	-3.60167	0.0674793	0.0895129	0.505713	0.289461	2.02342
R	2.73366	17.2613	-3.46987	-3.88446	3.26647	17.0897	2.74805	17.2051	-3.49344	-3.66302	0.0673181	0.0893774	0.50445	0.289161	6.2402
L	2.55851	17.0694	-3.39448	-3.9537	2.55407	17.0853	2.57486	17.0205	-3.437	-3.72251	0.0671603	0.0892213	0.503203	0.288901	2.41137
R	2.40305	16.9063	-3.18319	-3.7629	2.55039	16.8884	2.4045	16.833	-3.38059	-3.78014	0.066994	0.0891495	0.502148	0.288188	0.0154427
L	2.24528	16.7361	-3.11164	-3.79309	2.25371	16.8334	2.23695	16.6427	-3.32428	-3.83595	0.0668313	0.089171	0.501132	0.287493	2.36
R	2.07181	16.539	-3.03997	-3.78254	1.57735	16.0489	2.07221	16.4497	-3.26812	-3.88995	0.0666673	0.0891717	0.500157	0.286886	0.505485
L	1.91589	16.31	-2.97355	-3.91004	1.88972	16.1054	1.91027	16.254	-3.21219	-3.94216	0.0665057	0.0890399	0.499214	0.286194	4.57618
R	1.77017	16.1336	-2.86128	-3.85242	1.74362	16.2687	1.75112	16.0557	-3.15656	-3.99261	0.0663573	0.0889895	0.498426	0.285665	2.25208
L	1.55795	15.9678	-2.97153	-3.85953	1.44745	16.0853	1.59474	15.8549	-3.10129	-4.04132	0.0662462	0.0891206	0.497302	0.285255	0.565788
R	1.41989	15.7349	-2.95088	-4.15054	1.6097	15.5526	1.44111	15.6517	-3.04644	-4.08832	0.0661032	0.089093	0.496149	0.284601	1.64814
L	1.24219	15.5123	-2.9553	-4.23153	1.18395	15.4284	1.29021	15.4463	-2.99207	-4.13364	0.0660284	0.088997	0.494968	0.284	2.18339
R	1.0831	15.3207	-2.89511	-4.1845	0.828993	15.528	1.14201	15.2386	-2.93825	-4.1773	0.0659963	0.0889653	0.493797	0.283323	0.60019
L	0.859691	15.0974	-3.03545	-4.25656	0.722706	15.0075	0.996486	15.0288	-2.88503	-4.21933	0.0665099	0.0888799	0.492734	0.282663	0.988047
R	0.722273	14.9197	-2.89777	-4.11204	1.03147	15.2134	0.853604	14.8169	-2.83246	-4.25977	0.0669631	0.0889506	0.491591	0.282178	1.73583
L	0.638663	14.7107	-2.68542	-4.15003	0.737301	14.7047	0.71333	14.603	-2.78061	-4.29864	0.0670013	0.0890478	0.490479	0.281699	2.42583
R	0.516566	14.4675	-2.64042	-4.39725	0.722177	14.2445	0.575628	14.3872	-2.72952	-4.33598	0.0669664	0.0890089	0.48937	0.281071	0.697678
L	0.336589	14.2408	-2.69635	-4.45856	0.253435	14.2029	0.440459	14.1696	-2.67925	-4.37181	0.067185	0.0889342	0.488232	0.280479	1.92534
R	0.191426	13.9857	-2.70798	-4.73645	-0.0328023	13.9604	0.307779	13.9502	-2.62984	-4.40617	0.0674952	0.0887609	0.487129	0.28073	0.565612
L	0.209992	13.7372	-2.21558	-4.76933	0.459172	13.6856	0.177545	13.7292	-2.58135	-4.43909	0.0673755	0.0885579	0.486639	0.280978	1.86191
R	0.0965067	13.494	-2.14524	-4.88909	0.0524412	13.6377	0.0497099	13.5065	-2.53381	-4.47061	0.0672955	0.0883586	0.486235	0.281762	4.58835
L	-0.0767645	13.255	-2.22544	-4.93502	-0.190344	13.2856	-0.0757753	13.2823	-2.48728	-4.50075	0.0671417	0.0881759	0.485446	0.282645	0.427052
R	-0.193237	13.0406	-2.11517	-4.74864	-0.275043	13.1456	-0.198962	13.0566	-2.44179	-4.52955	0.06699	0.0879819	0.484842	0.282389	0.968672
L	-0.168396	12.8244	-1.70494	-4.71448	0.0462308	12.9301	-0.319903	12.8295	-2.39739	-4.55704	0.0676108	0.0877833	0.485981	0.281948	1.50847
R	-0.278187	12.6001	-1.63896	-4.59296	-0.684792	12.3563	-0.438654	12.6011	-2.35412	-4.58326	0.0683127	0.0875854	0.487255	0.281313	3.87193
L	-0.40106	12.3684	-1.65315	-4.63722	-0.476482	12.3633	-0.555273	12.3714	-2.31202	-4.60823	0.0689372	0.087389	0.488159	0.280689	2.75391
R	-0.516096	12.1607	-1.64445	-4.5787	-0.972122	12.5207	-0.669818	12.1404	-2.27111	-4.63198	0.0695458	0.0872043	0.488865	0.280084	0.398826
L	-0.590671	11.949	-1.55212	-4.57436	-0.582624	12.0386	-0.78235	11.9083	-2.23144	-4.65456	0.0705579	0.0870525	0.489875	0.279512	3.34891
R	-0.712923	11.7188	-1.58769	-4.59656	-1.26757	11.6495	-0.892931	11.6751	-2.19304	-4.67598	0.0714126	0.0869084	0.490446	0.278943	0.430679
L	-0.92623	11.4704	-1.86473	-4.66185	-1.17212	11.3988	-1.00163	11.4409	-2.15594	-4.69628	0.0714306	0.0867388	0.489746	0.278337	2.7438
R	-1.01688	11.2477	-1.78241	-4.51913	-0.891441	10.959	-1.1085	11.2057	-2.12017	-4.71549	0.0715316	0.0865931	0.489182	0.27803	4.45616
L	-1.20566	11.0204	-1.99707	-4.54679	-1.39289	11.0424	-1.21362	10.9695	-2.08575	-4.73364	0.0713772	0.0864693	0.488148	0.277697	2.00464
R	-1.29124	10.7712	-1.95501	-4.77577	-1.29894	10.9012	-1.31706	10.7324	-2.05273	-4.75075	0.0712422	0.086319	0.487129	0.277098	2.41618
L	-1.42889	10.5115	-2.02492	-4.83725	-1.49687	10.4198	-1.41889	10.4945	-2.02111	-4.76686	0.0710909	0.0861392	0.486073	0.276536	1.58741
R	-1.5309	10.2443	-2.00326	-4.99241	-1.59293	10.0212	-1.51917	10.2559	-1.99093	-4.78198	0.0709417	0.0859567	0.485025	0.276285	0.788253
L	-1.61897	10.0354	-1.9258	-4.93268	-1.61875	10.2374	-1.61797	10.0165	-1.96221	-4.79615	0.0707893	0.085781	0.483989	0.275837	1.03766
R	-1.70458	9.80837	-1.84598	-4.84346	-1.59702	9.96554	-1.71539	9.77637	-1.93498	-4.80939	0.0706415	0.0856231	0.482989	0.275256	2.17763
L	-1.76902	9.59328	-1.72987	-4.80141	-1.73381	9.71347	-1.81147	9.53564	-1.90924	-4.82172	0.0705454	0.0855234	0.482102	0.274673	0.654724
R	-1.89559	9.33433	-1.80828	-4.9609	-2.27191	9.37316	-1.90631	9.29431	-1.88502	-4.83316	0.0703992	0.0853818	0.481106	0.274216	0.883215
L	-1.98142	9.03463	-1.75748	-5.0711	-1.93833	8.77028	-1.99998	9.05243	-1.86233	-4.84374	0.0702609	0.0852093	0.480138	0.274035	2.3181
R	-2.05924	8.81728	-1.67621	-4.89829	-1.96565	9.13274	-2.09256	8.81003	-1.8412	-4.85347	0.0701464	0.0850314	0.479247	0.273475	3.804
L	-2.15528	8.56559	-1.6701	-4.92971	-2.1768	8.5411	-2.18412	8.56717	-1.82164	-4.86238	0.0700243	0.0848534	0.478344	0.272937	2.04071
R	-2.29475	8.30479	-1.78503	-4.98354	-2.65862	8.19477	-2.27474	8.32388	-1.80365	-4.87047	0.0698902	0.0846854	0.477348	0.272465	0.06728
L	-2.32461	8.08081	-1.59296	-4.92719	-2.21875	8.15339	-2.3645	8.0802	-1.78726	-4.87778	0.0697924	0.0845095	0.476521	0.271918	2.4987
R	-2.37145	7.87663	-1.46404	-4.82412	-2.273	8.52315	-2.45348	7.83617	-1.77248	-4.8843	0.0698474	0.0843748	0.475949	0.271383	1.08947
L	-2.49409	7.62171	-1.55472	-4.88532	-2.59674	7.60288	-2.54177	7.59184	-1.75931	-4.89006	0.0697706	0.0842228	0.47515	0.270824	5.45624
R	-2.65602	7.38494	-1.73541	-4.75279	-3.08256	7.38874	-2.62944	7.34723	-1.74777	-4.89507	0.0696483	0.0840847	0.474176	0.270422	0.724859
L	-2.76451	7.12935	-1.78207	-4.8008	-2.79865	7.064	-2.71658	7.10238	-1.73786	-4.89933	0.0695734	0.0839306	0.473215	0.269943	5.00427
R	-2.81884	6.89825	-1.67095	-4.87084	-2.79412	7.20818	-2.80326	6.85734	-1.72958	-4.90286	0.069439	0.0838005	0.472267	0.269402	0.327897
L	-2.84327	6.70451	-1.48348	-4.74816	-2.74651	6.86867	-2.88957	6.61214	-1.72295	-4.90566	0.0693608	0.0838369	0.471557	0.269042	1.8453
R	-2.8824	6.49742	-1.36188	-4.54328	-2.57673	6.36755	-2.97559	6.36681	-1.71797	-4.90774	0.0694733	0.0840778	0.471148	0.269495	2.22816
L	-2.93916	6.26569	-1.30839	-4.55391	-2.90217	6.22989	-3.0614	6.12139	-1.71464	-4.90911	0.0697651	0.0844056	0.470905	0.269894	2.98878
R	-3.06991	6.00888	-1.45266	-4.70894	-3.50172	6.10796	-3.14709	5.87592	-1.71297	-4.90976	0.0697964	0.0846553	0.470251	0.269653	0.143365
L	-3.16752	5.72363	-1.50962	-4.83072	-3.1778	5.53101	-3.23274	5.63043	-1.71295	-4.9097	0.0697787	0.084691	0.469488	0.269161	4.237
R	-3.27813	5.47556	-1.60114	-4.74243	-3.19736	5.19093	-3.31843	5.38496	-1.71458	-4.90893	0.0696864	0.0847153	0.46861	0.268831	2.09379
L	-3.38566	5.20696	-1.6773	-4.82712	-3.43031	5.10507	-3.40424	5.13955	-1.71787	-4.90745	0.0695583	0.0846538	0.46769	0.268347	2.18969
R	-3.45194	4.96128	-1.61483	-4.8862	-3.4281	4.94644	-3.49026	4.89422	-1.72281	-4.90525	0.0694629	0.0845917	0.466818	0.267821	0.748474
L	-3.58482	4.66537	-1.76189	-5.04006	-3.69435	4.52196	-3.57657	4.64902	-1.72939	-4.90233	0.0693285	0.0844319	0.465906	0.267434	0.284647
R	-3.69611	4.40933	-1.85308	-4.9636	-3.50501	4.17643	-3.66325	4.40398	-1.73763	-4.89868	0.0692234	0.0842675	0.465051	0.266942	2.03187
L	-3.84495	4.12271	-2.02551	-5.08984	-4.00238	4.04684	-3.75039	4.15913	-1.74749	-4.8943	0.0693399	0.0841341	0.46447	0.266702	1.96374
R	-3.9153	3.88773	-1.91079	-5.0857	-4.06447	4.10977	-3.83806	3.91452	-1.75899	-4.88918	0.0693723	0.0839875	0.463665	0.266465	1.87889
L	-3.9771	3.66853	-1.81474	-4.96944	-3.88053	3.75177	-3.92635	3.67019	-1.77212	-4.8833	0.06931	0.0838252	0.462776	0.266004	1.5725
R	-4.06406	3.48109	-1.8079	-4.75886	-4.23729	3.88878	-4.01533	3.42616	-1.78686	-4.87666	0.0692426	0.0837332	0.461887	0.265593	0.996849
L	-4.15532	3.23792	-1.8179	-4.77121	-4.15119	3.21968	-4.10509	3.18248	-1.8032	-4.86925	0.0691797	0.0836431	0.461003	0.265153	4.02855
R	-4.276	2.9751	-1.93126	-4.82378	-4.27467	2.88187	-4.19571	2.93919	-1.82113	-4.86104	0.0692255	0.0835127	0.460172	0.264656	0.0199085
L	-4.37269	2.69121	-1.96252	-4.93333	-4.32451	2.55034	-4.28727	2.69633	-1.84065	-4.85202	0.0692942	0.0833544	0.459358	0.2642	0.720084
R	-4.45601	2.44462	-1.91532	-4.93266	-4.38481	2.39989	-4.37985	2.45393	-1.86173	-4.84218	0.0693215	0.0831984	0.458499	0.263758	1.25529
L	-4.56623	2.16941	-1.96288	-5.02322	-4.61223	2.09192	-4.47352	2.21205	-1.88436	-4.83149	0.0694246	0.0830825	0.457659	0.263523	0.245394
R	-4.67295	1.94312	-2.07386	-4.92523	-4.29257	1.92854	-4.56836	1.97072	-1.90853	-4.81994	0.0695901	0.0829435	0.45691	0.263107	0.489423
L	-4.79634	1.65363	-2.14935	-5.05754	-4.86829	1.53442	-4.66444	1.72998	-1.93422	-4.80751	0.0699271	0.0829198	0.456244	0.263059	3.98427
R	-4.91901	1.40087	-2.23777	-5.05831	-4.98165	1.43611	-4.76186	1.48989	-1.9614	-4.79417	0.0704536	0.0829434	0.455704	0.263063	1.1542
L	-4.97102	1.18852	-2.13605	-4.88735	-4.66779	1.28643	-4.86066	1.25049	-1.99007	-4.7799	0.0706436	0.0828753	0.454944	0.262655	0.258754
R	-5.05995	0.991478	-2.08906	-4.71834	-4.98594	1.10894	-4.96095	1.01182	-2.02019	-4.76468	0.0707696	0.0827309	0.45412	0.262184	5.50135
L	-5.11536	0.775182	-2.01953	-4.62062	-4.85498	0.825661	-5.06277	0.77393	-2.05174	-4.74848	0.0707112	0.0825782	0.453285	0.261815	1.14674
R	-5.21713	0.453258	-2.08231	-4.90275	-4.84736	0.18101	-5.16621	0.536876	-2.08471	-4.73127	0.0706486	0.082582	0.452451	0.26154	3.74166
L	-5.29005	0.220321	-2.04335	-4.84332	-5.1231	0.257311	-5.27133	0.300706	-2.11906	-4.71303	0.0705281	0.0825741	0.451645	0.261179	5.59043
R	-5.39888	-0.0035137	-1.99748	-4.74133	-5.99809	-0.290765	-5.3782	0.0654719	-2.15477	-4.69374	0.0704104	0.0825285	0.45092	0.260718	1.55219
L	-5.46718	-0.234833	-1.95421	-4.70786	-5.29972	-0.212982	-5.4869	-0.168772	-2.1918	-4.67335	0.0702923	0.0824746	0.450328	0.260252	5.78089
R	-5.58627	-0.397251	-2.05943	-4.53266	-5.64447	-0.144522	-5.59748	-0.401971	-2.23014	-4.65185	0.0701681	0.0823255	0.449629	0.259879	1.50746
L	-5.71969	-0.569869	-2.14183	-4.37883	-5.85359	-0.445801	-5.71001	-0.634069	-2.26974	-4.62919	0.0700438	0.0822673	0.448882	0.259845	3.21082
R	-5.83617	-0.813316	-2.32817	-4.5521	-5.30947	-0.724468	-5.82456	-0.865006	-2.31058	-4.60536	0.0699211	0.0821777	0.448075	0.259397	1.9568
L	-5.93507	-1.10406	-2.31554	-4.709	-5.87835	-1.26863	-5.94118	-1.09472	-2.35262	-4.58032	0.0697967	0.0820322	0.447277	0.259047	5.48096
R	-6.02304	-1.38658	-2.26239	-4.81488	-5.68069	-1.52871	-6.05993	-1.32316	-2.39581	-4.55404	0.0697068	0.0819732	0.446549	0.259053	1.85846
L	-6.16349	-1.59078	-2.351	-4.70437	-6.27263	-1.50938	-6.18087	-1.55025	-2.44014	-4.52648	0.0695904	0.081863	0.445785	0.258809	2.89599
R	-6.30528	-1.84465	-2.57228	-4.87851	-6.11355	-1.75966	-6.30406	-1.77593	-2.48555	-4.49762	0.0694669	0.0818201	0.445024	0.259344	1.08637
L	-6.41579	-2.10511	-2.56666	-4.90779	-6.34007	-2.13685	-6.42954	-2.00014	-2.532	-4.46742	0.0693489	0.0819134	0.444242	0.260205	2.7915
R	-6.56538	-2.29892	-2.60106	-4.68697	-6.99344	-2.17445	-6.55738	-2.22281	-2.57946	-4.43585	0.0692283	0.0818937	0.443461	0.260174	0.386636
L	-6.7178	-2.50397	-2.6917	-4.58393	-6.79288	-2.4458	-6.68761	-2.44386	-2.62788	-4.40288	0.0691299	0.0818274	0.442698	0.259938	3.58952
R	-6.87332	-2.7152	-2.78411	-4.51292	-7.14408	-2.67584	-6.82029	-2.66323	-2.6772	-4.36847	0.0690801	0.081742	0.441969	0.259624	0.547793
L	-6.96498	-2.9961	-2.71365	-4.64191	-6.8003	-3.10086	-6.95546	-2.88084	-2.7274	-4.3326	0.068962	0.0818826	0.441199	0.259814	1.08044
R	-7.09296	-3.21595	-2.67878	-4.53078	-7.13937	-3.22028	-7.09316	-3.09663	-2.7784	-4.29523	0.0688421	0.0820421	0.440472	0.259733	2.30763
L	-7.2177	-3.39868	-2.71268	-4.40118	-7.12118	-3.26434	-7.23344	-3.3105	-2.83017	-4.25632	0.0687292	0.0820642	0.439763	0.259424	0.365451
R	-7.3635	-3.65445	-2.74995	-4.46784	-7.77186	-4.08999	-7.37632	-3.5224	-2.88265	-4.21586	0.0686147	0.0822887	0.439074	0.259398	1.51502
L	-7.52401	-3.77003	-2.86826	-4.17083	-7.49009	-3.49081	-7.52184	-3.73223	-2.93579	-4.1738	0.0684968	0.0821771	0.438336	0.258952	4.36698
R	-7.66949	-3.97948	-2.95928	-4.18844	-7.52393	-3.88213	-7.67004	-3.93992	-2.98953	-4.13012	0.0683794	0.0820689	0.437589	0.258531	4.81132
L	-7.82317	-4.21441	-3.00525	-4.22003	-7.88049	-4.29783	-7.82094	-4.14538	-3.04381	-4.08479	0.0682628	0.0820279	0.436847	0.25821	0.510564
R	-7.9744	-4.43369	-3.03346	-4.19879	-8.08524	-4.57834	-7.97457	-4.34854	-3.09857	-4.03778	0.0681466	0.0820388	0.43612	0.257942	0.566248
L	-8.13552	-4.67935	-3.07782	-4.25578	-8.22492	-4.79812	-8.13095	-4.5493	-3.15376	-3.98906	0.0680315	0.0822488	0.435403	0.257972	0.407056
R	-8.2756	-4.87337	-2.96006	-4.05089	-8.453	-4.95621	-8.2901	-4.74759	-3.2093	-3.93862	0.0679217	0.0824346	0.434908	0.257619	1.211
L	-8.40339	-5.09047	-2.94838	-4.06722	-8.33552	-5.1059	-8.45204	-4.94331	-3.26514	-3.88641	0.067866	0.0827376	0.434564	0.257398	1.92839
R	-8.55372	-5.24293	-2.94164	-3.85985	-8.55062	-4.79248	-8.61678	-5.13637	-3.32121	-3.83242	0.0678504	0.082829	0.434391	0.256971	0.288162
L	-8.73955	-5.4419	-3.04834	-3.83907	-8.91477	-5.51752	-8.78433	-5.32669	-3.37745	-3.77663	0.0677864	0.0829583	0.434082	0.256566	2.85511
R	-8.90173	-5.6366	-3.11604	-3.82951	-9.04115	-5.69364	-8.95469	-5.51417	-3.43377	-3.71901	0.0677424	0.0831211	0.433746	0.256218	1.94029
L	-9.05484	-5.8221	-3.14854	-3.78818	-9.03391	-5.80267	-9.12788	-5.69872	-3.49012	-3.65955	0.0677606	0.083287	0.433472	0.255899	0.280944
R	-9.19657	-5.96571	-3.11008	-3.60206	-8.86897	-5.41973	-9.30388	-5.88026	-3.54643	-3.59823	0.0679296	0.0832943	0.433481	0.255475	0.0435157
L	-9.36914	-6.05739	-3.19972	-3.36217	-9.30811	-5.82368	-9.4827	-6.05868	-3.60261	-3.53503	0.0681305	0.0831567	0.433384	0.255247	4.94973
R	-9.54919	-6.24041	-3.33135	-3.39903	-9.80646	-6.41174	-9.66432	-6.23389	-3.6586	-3.46994	0.0683381	0.0830207	0.433078	0.254859	3.45594
L	-9.68449	-6.45898	-3.2973	-3.48159	-9.62547	-6.55958	-9.84874	-6.4058	-3.71431	-3.40295	0.0688712	0.0829404	0.433026	0.254481	1.34097
R	-9.91223	-6.62038	-3.57783	-3.489	-10.6688	-6.35543	-10.0359	-6.57431	-3.76969	-3.33404	0.0691213	0.0828466	0.432457	0.254219	0.911548
L	-10.1174	-6.79368	-3.67615	-3.43056	-10.2246	-6.83402	-10.2259	-6.73933	-3.82463	-3.26321	0.0692858	0.0827697	0.431835	0.253984	7.0035
R	-10.3047	-6.95316	-3.76037	-3.37735	-10.2205	-6.71044	-10.4186	-6.90075	-3.87907	-3.19046	0.0694768	0.0826892	0.431187	0.253795	0.705285
L	-10.5379	-7.14614	-3.89205	-3.36362	-10.7616	-7.29159	-10.614	-7.05849	-3.93293	-3.11577	0.0694994	0.0827057	0.430495	0.253776	0.718171
R	-10.7458	-7.28306	-3.97059	-3.22621	-10.8944	-6.83335	-10.8121	-7.21245	-3.98613	-3.03916	0.0694892	0.0826696	0.429801	0.253589	3.77343
L	-10.9957	-7.45431	-4.12165	-3.16576	-11.2219	-7.56979	-11.0128	-7.36252	-4.03859	-2.96062	0.0693842	0.0827005	0.429135	0.253448	1.66432
R	-11.1832	-7.58871	-4.05577	-2.99584	-10.986	-7.3707	-11.2161	-7.50862	-4.09021	-2.88015	0.069298	0.0826923	0.428451	0.253126	3.43614
L	-11.3257	-7.74699	-3.97618	-2.98181	-11.0934	-7.6776	-11.422	-7.65064	-4.14093	-2.79777	0.069401	0.0827395	0.427867	0.252936	1.41997
R	-11.5211	-7.8702	-4.00191	-2.85715	-11.4213	-7.46085	-11.6304	-7.78849	-4.19066	-2.71349	0.0695645	0.0827362	0.427318	0.252663	3.20954
L	-11.6957	-7.9732	-4.00065	-2.71976	-11.5269	-7.8215	-11.8413	-7.92208	-4.23932	-2.6273	0.0699369	0.082655	0.426851	0.252315	1.64582
R	-11.8859	-8.08363	-3.92256	-2.53553	-11.9422	-7.88317	-12.0546	-8.05131	-4.28682	-2.53924	0.0704676	0.0825441	0.426668	0.251916	2.74152
L	-12.0955	-8.17226	-3.99419	-2.38491	-12.09	-8.08828	-12.2702	-8.17609	-4.33309	-2.44932	0.0710371	0.0824141	0.426419	0.251544	0.895461
R	-12.3304	-8.30114	-4.31483	-2.45715	-12.4462	-8.02117	-12.4881	-8.29633	-4.37802	-2.35756	0.0714741	0.0822849	0.425763	0.25121	0.446977
L	-12.5341	-8.38522	-4.33856	-2.30163	-12.4231	-8.2599	-12.7082	-8.41193	-4.42156	-2.26399	0.0720247	0.0821694	0.425121	0.250825	2.86517
R	-12.7359	-8.4692	-4.22362	-2.08693	-12.7461	-8.19449	-12.9304	-8.5228	-4.4636	-2.16863	0.0727297	0.0820956	0.424668	0.250475	1.51152
L	-13.0176	-8.56149	-4.405	-1.94562	-13.2911	-8.64594	-13.1547	-8.62886	-4.50407	-2.07151	0.0730189	0.0820539	0.424042	0.250183	1.41258
R	-13.2744	-8.65905	-4.61186	-1.88884	-13.7929	-8.47158	-13.381	-8.73002	-4.54289	-1.97267	0.0731471	0.0820217	0.4234	0.249838	4.45681
L	-13.4949	-8.70914	-4.63435	-1.69927	-13.384	-8.57583	-13.6092	-8.82619	-4.57997	-1.87214	0.0733103	0.0821532	0.422755	0.249636	2.67163
R	-13.7037	-8.74985	-4.46164	-1.43652	-13.6376	-8.26343	-13.8392	-8.91729	-4.61524	-1.76997	0.0735835	0.0825521	0.422189	0.249938	1.63494
L	-13.926	-8.86543	-4.48766	-1.43689	-13.9959	-8.99264	-14.0709	-9.00324	-4.64861	-1.6662	0.073909	0.0827788	0.421633	0.249877	3.19081
R	-14.1906	-8.95021	-4.80511	-1.44283	-14.4737	-8.79552	-14.3043	-9.08395	-4.68001	-1.56086	0.0740638	0.082983	0.421043	0.249579	1.19715
L	-14.4142	-9.07196	-4.79024	-1.4743	-14.4273	-9.1875	-14.5391	-9.15936	-4.70936	-1.45402	0.0742722	0.0829968	0.420422	0.2492	2.71282
R	-14.641	-9.14272	-4.71369	-1.35175	-14.5757	-9.32634	-14.7754	-9.22939	-4.73658	-1.34573	0.0745293	0.0830083	0.419783	0.24882	0.860965
L	-14.9336	-9.13812	-4.86399	-1.06113	-15.062	-9.04396	-15.013	-9.29397	-4.76161	-1.23603	0.0745445	0.0833262	0.419182	0.248628	0.442735
R	-15.1969	-9.20817	-4.92147	-0.985633	-15.6189	-9.69365	-15.2517	-9.35302	-4.78436	-1.125	0.0744927	0.0835811	0.418615	0.24837	1.74164
L	-15.4621	-9.33269	-4.96723	-1.05361	-15.6682	-9.56749	-15.4916	-9.40649	-4.80476	-1.01269	0.0743977	0.0835533	0.418077	0.248005	4.49062
R	-15.6976	-9.3666	-4.79193	-0.861756	-15.9382	-9.35751	-15.7324	-9.45431	-4.82275	-0.899159	0.0743101	0.0835661	0.417451	0.247639	5.33124
L	-15.9512	-9.45419	-4.82909	-0.863492	-16.0862	-9.59819	-15.9741	-9.49642	-4.83827	-0.784484	0.0742091	0.0834726	0.416824	0.247305	1.83791
R	-16.1988	-9.46808	-4.79703	-0.681373	-16.6033	-8.85459	-16.2164	-9.53277	-4.85124	-0.668734	0.0741042	0.0834227	0.41621	0.246936	2.11951
L	-16.4474	-9.45893	-4.83208	-0.481395	-16.4229	-9.37029	-16.4594	-9.5633	-4.8616	-0.55198	0.0739964	0.0834931	0.415591	0.246597	1.97183
R	-16.6556	-9.46862	-4.73978	-0.355086	-16.011	-9.33486	-16.7027	-9.58797	-4.8693	-0.434301	0.0739309	0.0836226	0.415033	0.246268	0.525113
L	-16.9445	-9.44549	-4.8515	-0.129538	-17.1132	-9.43043	-16.9464	-9.60673	-4.87427	-0.315773	0.0738213	0.0839591	0.414418	0.246111	4.77641
R	-17.1994	-9.50543	-4.98185	-0.167837	-16.9255	-10.8571	-17.1903	-9.61954	-4.87646	-0.196479	0.0737136	0.0840642	0.413844	0.245752	1.69204
L	-17.4626	-9.52276	-5.01189	-0.0794546	-17.5448	-9.57485	-17.4342	-9.62636	-4.87583	-0.0765024	0.073621	0.0841285	0.4133	0.245389	7.97885
R	-17.7185	-9.51459	-4.9427	0.0723889	-18.1371	-9.39146	-17.6781	-9.62717	-4.87232	0.0440703	0.0735453	0.0842263	0.412709	0.245033	0.501779
L	-17.9745	-9.47886	-4.9608	0.258634	-17.9724	-9.42299	-17.9216	-9.62194	-4.86588	0.165151	0.0734931	0.0844589	0.412136	0.244726	1.662
R	-18.2138	-9.4473	-4.86129	0.420334	-18.3083	-9.18778	-18.1648	-9.61064	-4.85648	0.286648	0.0734334	0.0847965	0.411533	0.244474	0.210058
L	-18.4015	-9.50239	-4.7342	0.322056	-18.2763	-9.60997	-18.4074	-9.59325	-4.84408	0.40847	0.0733269	0.0848148	0.410975	0.244162	0.505228
R	-18.6379	-9.49228	-4.83667	0.38795	-18.2443	-9.58547	-18.6493	-9.56977	-4.82864	0.530522	0.0732229	0.0847945	0.410378	0.243928	1.89461
L	-18.8905	-9.47859	-4.849	0.473283	-18.9545	-9.51544	-18.8904	-9.54017	-4.81012	0.652707	0.0731167	0.0847364	0.409788	0.243766	1.79979
R	-19.12	-9.4413	-4.87373	0.58543	-18.6983	-9.02886	-19.1305	-9.50447	-4.78851	0.774927	0.0730131	0.0846819	0.409221	0.243627	0.289032
L	-19.3772	-9.30892	-4.89231	0.937434	-19.2983	-9.09865	-19.3694	-9.46265	-4.76378	0.897083	0.072909	0.0849616	0.408689	0.243285	3.83267
R	-19.6076	-9.2357	-4.7412	1.11017	-19.7037	-8.79906	-19.6069	-9.41472	-4.73591	1.01907	0.0728042	0.0853804	0.408101	0.242984	3.12846
L	-19.8678	-9.10099	-4.75407	1.42948	-19.8731	-8.96417	-19.8431	-9.36071	-4.70487	1.1408	0.0727119	0.0863841	0.407525	0.243128	1.11533
R	-20.1099	-8.99252	-4.73837	1.64639	-20.3815	-7.6755	-20.0775	-9.30061	-4.67066	1.26215	0.0726285	0.0878185	0.406958	0.243647	1.30074
L	-20.2506	-9.1634	-4.48375	1.10828	-20.1607	-9.59663	-20.3102	-9.23446	-4.63328	1.38303	0.0725948	0.0877753	0.406457	0.243741	4.87716
R	-20.4896	-9.12588	-4.56026	1.15952	-20.4587	-9.7448	-20.5409	-9.16227	-4.59271	1.50334	0.0725432	0.087672	0.405883	0.244084	14.0228
L	-20.7177	-9.01772	-4.54556	1.3619	-20.6596	-8.91527	-20.7696	-9.08409	-4.54895	1.62296	0.072493	0.0876189	0.405307	0.244134	1.65471
R	-20.9612	-8.93795	-4.52177	1.4872	-21.5568	-8.5005	-20.9959	-8.99994	-4.50202	1.74179	0.072414	0.0875571	0.404736	0.244164	0.83047
L	-21.1544	-8.87073	-4.42796	1.54436	-21.0195	-8.85081	-21.2198	-8.90987	-4.45191	1.85972	0.0723953	0.0874584	0.404167	0.244393	2.59915
R	-21.387	-8.78788	-4.3786	1.65	-21.8628	-8.64129	-21.4412	-8.81393	-4.39865	1.97666	0.0723504	0.0873464	0.403601	0.244663	1.00592
L	-21.5717	-8.77035	-4.27276	1.56784	-21.5029	-8.87191	-21.6597	-8.71217	-4.34224	2.0925	0.0723991	0.0872783	0.403052	0.245893	1.99602
R	-21.7537	-8.64981	-4.005	1.71161	-21.9514	-7.41274	-21.8754	-8.60465	-4.2827	2.20712	0.0725836	0.087189	0.402756	0.246942	1.07461
L	-21.9568	-8.56289	-3.97379	1.80064	-21.9793	-8.57089	-22.0881	-8.49143	-4.22007	2.32043	0.0728125	0.0871491	0.402405	0.248119	5.74565
R	-22.1679	-8.45958	-4.06878	1.93497	-22.1914	-7.70392	-22.2975	-8.37258	-4.15437	2.43232	0.0730313	0.0871487	0.401871	0.249157	0.0301933
L	-22.4105	-8.34195	-4.10294	2.08854	-22.5838	-8.35296	-22.5035	-8.24817	-4.08564	2.5427	0.073094	0.0871677	0.401315	0.249957	2.36218
R	-22.5968	-8.23741	-3.97551	2.15836	-22.3177	-8.57758	-22.7061	-8.11829	-4.01391	2.65145	0.0732185	0.0872721	0.400765	0.250954	1.64511
L	-22.8625	-7.95074	-4.03157	2.72895	-22.9861	-7.6724	-22.9049	-7.98301	-3.93923	2.75848	0.0731515	0.0871683	0.400242	0.250613	0.727011
R	-23.0511	-7.80414	-3.78944	2.83373	-23.2693	-8.32031	-23.1	-7.84243	-3.86163	2.8637	0.073096	0.0870716	0.39971	0.250273	6.68067
L	-23.2882	-7.60886	-3.78569	3.10678	-23.4777	-7.56583	-23.2911	-7.69663	-3.78118	2.967	0.0729959	0.0870735	0.399162	0.250037	3.30388
R	-23.4932	-7.45918	-3.85444	3.22484	-23.473	-7.02103	-23.4781	-7.54572	-3.69792	3.06828	0.0729004	0.087072	0.3987	0.249829	2.19968
L	-23.6529	-7.32884	-3.70968	3.22712	-23.5408	-7.36069	-23.6609	-7.3898	-3.61191	3.16746	0.0728022	0.0870115	0.398189	0.249508	1.79948
R	-23.8486	-7.15733	-3.68307	3.36308	-24.0505	-6.56968	-23.8393	-7.22897	-3.52321	3.26445	0.0727048	0.0869734	0.397735	0.249222	0.801905
L	-23.9959	-7.09607	-3.5287	3.16308	-23.9384	-7.26171	-24.0132	-7.06336	-3.43189	3.35916	0.0726119	0.0868722	0.397228	0.249093	0.846035
R	-24.1645	-6.9131	-3.4003	3.29481	-24.3577	-5.94086	-24.1825	-6.89307	-3.33801	3.45149	0.0725196	0.086761	0.396704	0.24889	2.25932
L	-24.3376	-6.63271	-3.31182	3.67445	-24.2574	-6.4352	-24.347	-6.71823	-3.24166	3.54138	0.0724235	0.0867576	0.396186	0.24865	1.94408
R	-24.5046	-6.45617	-3.15492	3.7328	-24.788	-7.18367	-24.5066	-6.53896	-3.14289	3.62873	0.0723261	0.0867472	0.395653	0.248374	2.99427
L	-24.5867	-6.35283	-2.92266	3.56633	-24.3008	-6.43799	-24.6612	-6.35538	-3.0418	3.71347	0.0723321	0.0866309	0.395171	0.248158	3.48287
R	-24.7268	-6.16955	-2.82745	3.65755	-24.6108	-6.00878	-24.8107	-6.16764	-2.93846	3.79553	0.0723656	0.0865151	0.394684	0.247929	5.20013
L	-24.9172	-5.94421	-2.81249	3.86695	-25.146	-5.91902	-24.955	-5.97587	-2.83295	3.87484	0.0722954	0.0864151	0.394159	0.247598	0.308603
R	-25.0496	-5.73563	-2.71199	3.98301	-24.8975	-5.02285	-25.094	-5.7802	-2.72537	3.95132	0.0722355	0.0863308	0.393635	0.247274	2.92882
L	-25.1784	-5.57599	-2.59633	3.94983	-25.1941	-5.64372	-25.2276	-5.58079	-2.61581	4.02492	0.0721841	0.0862165	0.393114	0.246976	1.83745
R	-25.3336	-5.38574	-2.6167	4.0306	-25.5328	-5.4399	-25.3556	-5.37777	-2.50435	4.09557	0.0720974	0.0861034	0.392636	0.246672	0.337127
L	-25.4839	-5.14622	-2.55102	4.20041	-25.5713	-5.10241	-25.4779	-5.1713	-2.39109	4.16322	0.0720028	0.0859994	0.392204	0.246354	1.30048
R	-25.6141	-4.97154	-2.53984	4.19057	-25.0178	-6.55904	-25.5946	-4.96152	-2.27613	4.22781	0.0719149	0.0858877	0.391921	0.246037	0.582331
L	-25.7247	-4.81692	-2.41868	4.09687	-25.6952	-4.89995	-25.7055	-4.7486	-2.15956	4.2893	0.0718272	0.0858463	0.391631	0.245911	6.19639
R	-25.846	-4.60757	-2.35002	4.16647	-25.8162	-4.40681	-25.8105	-4.53268	-2.04149	4.34764	0.071756	0.0858195	0.391437	0.245764	0.570682
L	-25.9646	-4.34679	-2.25955	4.35222	-25.9516	-4.26659	-25.9096	-4.31392	-1.92202	4.40279	0.0717172	0.0857238	0.391306	0.245457	0.154592
R	-26.0721	-4.12633	-2.00949	4.36241	-26.8953	-4.43966	-26.0027	-4.0925	-1.80125	4.45471	0.0717113	0.0856295	0.39094	0.245182	0.473601
L	-26.1694	-3.81816	-1.87423	4.64582	-26.1198	-3.67723	-26.0897	-3.86856	-1.67928	4.50337	0.0717331	0.0855568	0.390558	0.244971	11.2766
R	-26.243	-3.57677	-1.60186	4.6855	-26.5652	-3.85723	-26.1706	-3.64227	-1.55623	4.54875	0.0717348	0.0855109	0.390059	0.244753	1.54804
L	-26.2694	-3.31383	-1.36077	4.78249	-25.9974	-3.24722	-26.2453	-3.41381	-1.4322	4.59081	0.0716526	0.0855515	0.389572	0.24463	3.38178
R	-26.3198	-3.06563	-1.13894	4.83381	-26.2976	-3.01078	-26.3138	-3.18332	-1.30729	4.62954	0.0715608	0.0856498	0.389163	0.244535	4.1697
L	-26.3389	-2.85008	-0.92903	4.78282	-26.1741	-2.87885	-26.376	-2.95098	-1.18162	4.66493	0.0714935	0.0856925	0.388874	0.244293	0.332701
R	-26.3966	-2.63102	-0.830845	4.76427	-26.4681	-3.44967	-26.4319	-2.71697	-1.05529	4.69696	0.0714241	0.0856931	0.388541	0.244004	1.52359
L	-26.4654	-2.52425	-0.759322	4.45274	-26.674	-2.73852	-26.4815	-2.48143	-0.928411	4.72562	0.0713373	0.0856109	0.388138	0.244082	1.56162
R	-26.5207	-2.29555	-0.701387	4.50202	-26.657	-1.72382	-26.5247	-2.24456	-0.80109	4.75091	0.0712466	0.0855404	0.387675	0.244094	5.52132
L	-26.5691	-2.10905	-0.604172	4.42353	-26.6691	-2.17333	-26.5616	-2.0065	-0.673434	4.77284	0.0711569	0.0855879	0.387198	0.24442	1.20396
R	-26.6002	-1.87979	-0.531265	4.46507	-26.3248	-1.32261	-26.5921	-1.76744	-0.545553	4.79141	0.0710677	0.0856664	0.386707	0.244662	0.813836
L	-26.6007	-1.60906	-0.362348	4.59512	-26.4671	-1.53207	-26.6161	-1.52753	-0.417552	4.80664	0.070982	0.0856562	0.386227	0.244584	2.12108
R	-26.597	-1.39099	-0.161267	4.56547	-26.4998	-2.19526	-26.6338	-1.28695	-0.289538	4.81852	0.0709164	0.0857076	0.385793	0.244606	1.35437
L	-26.6016	-1.15476	-0.0246294	4.58944	-26.5998	-1.14277	-26.6451	-1.04586	-0.161616	4.8271	0.0708607	0.0857739	0.385368	0.244589	1.54207
R	-26.6309	-0.940659	0.0371619	4.55529	-27.2008	-1.67679	-26.65	-0.804425	-0.0338883	4.83238	0.070778	0.0859378	0.3849	0.244676	0.010833
L	-26.6441	-0.664995	0.146061	4.68499	-26.7355	-0.59539	-26.6485	-0.562811	0.0935412	4.83439	0.0706896	0.0859824	0.384426	0.244483	5.10181
R	-26.6313	-0.419604	0.335174	4.71536	-26.9891	0.0351487	-26.6406	-0.321181	0.220572	4.83317	0.0706027	0.0860157	0.383988	0.244249	0.809157
L	-26.587	-0.0863646	0.550137	4.95474	-26.4553	0.0602653	-26.6264	-0.0796947	0.347104	4.82874	0.0705422	0.0859091	0.383643	0.244025	2.30728
R	-26.5675	0.161834	0.693554	4.94574	-26.9537	0.136943	-26.6059	0.161489	0.473041	4.82116	0.0704806	0.0858022	0.383323	0.2438	2.50514
L	-26.5433	0.476139	0.838327	5.10465	-26.6201	0.57588	-26.5792	0.402213	0.598287	4.81045	0.0704157	0.0857747	0.383034	0.243938	2.75508
R	-26.5319	0.721827	0.860048	5.04961	-26.8241	0.381506	-26.5462	0.642323	0.722748	4.79667	0.0703321	0.0857598	0.382621	0.243961	1.0531
L	-26.5241	1.0072	0.935563	5.12127	-26.7293	1.06082	-26.5069	0.881666	0.846334	4.77986	0.0702504	0.0858807	0.382174	0.24425	1.88989
R	-26.4853	1.28758	0.961689	5.14807	-25.9562	2.60409	-26.4616	1.12009	0.968955	4.76007	0.0701737	0.0861767	0.381703	0.244707	2.43087
L	-26.4299	1.49546	1.08108	4.99394	-26.3986	1.42212	-26.4101	1.35745	1.09053	4.73737	0.0700943	0.0863421	0.381234	0.244737	6.60705
R	-26.3911	1.70266	1.1212	4.84972	-26.5072	-0.563928	-26.3526	1.59361	1.21096	4.71181	0.0700344	0.0864051	0.380793	0.244532	0.447795
L	-26.3392	1.88316	1.2038	4.66211	-26.3594	1.79315	-26.2891	1.82841	1.33018	4.68345	0.0699926	0.0863419	0.380378	0.244236	8.64642
R	-26.2709	2.11029	1.34489	4.6257	-26.3475	1.82827	-26.2197	2.06173	1.44811	4.65235	0.069953	0.0862699	0.379948	0.243941	0.629175
L	-26.2123	2.27717	1.41438	4.42696	-26.2502	2.18481	-26.1444	2.29342	1.56467	4.61859	0.0699482	0.0861686	0.379558	0.243827	0.303319
R	-26.1501	2.49165	1.45392	4.35952	-26.069	2.27896	-26.0633	2.52336	1.67979	4.58223	0.0699942	0.0860781	0.379261	0.243778	0.722356
L	-26.0709	2.74815	1.57367	4.42782	-26.0641	2.80701	-25.9765	2.75141	1.79339	4.54334	0.0700636	0.085974	0.378955	0.243549	0.623007
R	-25.9758	2.97063	1.79443	4.42322	-26.3234	3.02388	-25.8841	2.97746	1.90543	4.502	0.0701241	0.0858707	0.378537	0.243286	0.260513
L	-25.8686	3.28309	1.96645	4.61616	-25.8345	3.42005	-25.7861	3.20139	2.01582	4.45828	0.0701566	0.085861	0.378088	0.243116	2.98253
R	-25.7848	3.51799	2.05361	4.58375	-26.1824	3.73376	-25.6826	3.42306	2.12452	4.41227	0.0702512	0.0858839	0.377649	0.242969	1.47136
L	-25.6813	3.70249	2.14606	4.41945	-25.6666	3.63509	-25.5737	3.64239	2.23146	4.36404	0.0703645	0.0858313	0.37722	0.242693	2.11607
R	-25.5653	3.9065	2.2752	4.32794	-25.5773	3.13316	-25.4596	3.85924	2.3366	4.31367	0.0704701	0.0857598	0.37678	0.242404	0.340323
L	-25.5036	4.06193	2.26327	4.11882	-25.7492	3.99968	-25.3402	4.07353	2.43989	4.26125	0.0708369	0.0856593	0.376429	0.242214	1.14115
R	-25.3819	4.25628	2.3836	4.03793	-25.3516	3.75691	-25.2157	4.28514	2.54127	4.20686	0.0712155	0.0855688	0.376059	0.242066	3.61384
L	-25.2175	4.49467	2.5796	4.07041	-25.0214	4.52803	-25.0863	4.49399	2.64071	4.15058	0.0714181	0.0854671	0.375624	0.24181	0.565353
R	-25.0686	4.68516	2.64062	3.94764	-24.2719	4.30917	-24.9518	4.69998	2.73817	4.09251	0.0715595	0.0853689	0.375209	0.241626	2.18955
L	-24.9515	4.8778	2.70675	3.87327	-25.0363	4.88499	-24.8126	4.90303	2.83361	4.03273	0.071793	0.0852767	0.374816	0.241465	8.9517
R	-24.7959	5.06567	2.82748	3.79205	-24.3609	4.95947	-24.6686	5.10304	2.92701	3.97132	0.0719739	0.0851954	0.374405	0.241337	0.385259
L	-24.6224	5.29916	2.99574	3.83514	-24.5041	5.35293	-24.5201	5.29995	3.01833	3.90839	0.0720603	0.0850951	0.373966	0.241079	2.32045
R	-24.4491	5.48215	3.20713	3.76345	-24.4379	5.24592	-24.367	5.49367	3.10754	3.84401	0.0720854	0.084997	0.373558	0.240828	1.01761
L	-24.2603	5.65555	3.3492	3.64229	-24.1159	5.61152	-24.2095	5.68414	3.19464	3.77827	0.0720428	0.0849087	0.373195	0.240635	0.826397
R	-24.096	5.81456	3.47123	3.5096	-24.5638	4.75836	-24.0477	5.8713	3.27959	3.71127	0.0719964	0.0848538	0.372874	0.240552	1.20683
L	-23.922	5.97127	3.55765	3.36913	-23.9153	5.94377	-23.8818	6.05508	3.36239	3.64309	0.0719388	0.0848514	0.372558	0.240635	3.11962
R	-23.7834	6.14316	3.36173	3.21336	-23.5491	6.44495	-23.7117	6.23542	3.44302	3.57383	0.0719383	0.0848694	0.372146	0.240983	0.0552412
L	-23.6203	6.29585	3.42606	3.11397	-23.6471	6.29102	-23.5377	6.41227	3.52148	3.50357	0.071965	0.0849561	0.371742	0.241434	4.43855
R	-23.4754	6.45404	3.38413	3.01553	-23.7544	6.53746	-23.3598	6.58559	3.59775	3.4324	0.0720964	0.0850935	0.371454	0.241987	0.0418558
L	-23.237	6.71738	3.62165	3.22438	-23.0099	6.86182	-23.1781	6.75533	3.67185	3.36041	0.0720686	0.0850147	0.371032	0.241795	1.45375
R	-23.0442	6.85068	3.66849	3.07255	-22.7862	5.74143	-22.9928	6.92146	3.74376	3.28768	0.0720278	0.0849846	0.370622	0.241737	4.63963
L	-22.8269	7.03539	3.80911	3.07661	-22.6991	7.063	-22.804	7.08393	3.8135	3.21431	0.0719533	0.0849188	0.370196	0.24155	5.47304
R	-22.6135	7.17261	3.96316	2.96681	-22.418	6.76159	-22.6117	7.24273	3.88106	3.14038	0.0718708	0.0848878	0.369792	0.241416	0.985661
L	-22.4316	7.31104	3.99358	2.85489	-22.5083	7.31524	-22.4161	7.39782	3.94647	3.06598	0.0717923	0.0848922	0.369376	0.241351	1.58783
R	-22.1955	7.45363	4.2874	2.79467	-22.0543	7.85452	-22.2173	7.54917	4.00974	2.99118	0.0717179	0.084918	0.369192	0.241258	0.320534
L	-22.0122	7.61384	4.30446	2.74457	-22.1947	7.69478	-22.0154	7.69679	4.07087	2.91607	0.0716363	0.0849136	0.36894	0.241122	2.1969
R	-21.8276	7.78946	4.16815	2.71785	-21.6178	9.0351	-21.8105	7.84064	4.12989	2.84074	0.0715595	0.0848521	0.368525	0.240919	2.11588
L	-21.6225	7.92734	4.21846	2.63854	-21.6473	7.94	-21.6026	7.98072	4.18681	2.76526	0.0714846	0.084794	0.36811	0.240721	5.71043
R	-21.4344	8.05605	4.18801	2.53842	-21.8637	7.78661	-21.392	8.11703	4.24166	2.68971	0.0714322	0.0847476	0.367702	0.240556	0.0413407
L	-21.2249	8.06499	4.17878	2.17135	-21.0853	7.83229	-21.1787	8.24957	4.29447	2.61417	0.0713852	0.085105	0.367328	0.241204	1.5915
R	-21.0389	8.20226	4.01039	2.11217	-20.5503	9.28616	-20.9628	8.37833	4.34526	2.53871	0.071396	0.0854188	0.367258	0.241781	4.46977
L	-20.8627	8.36173	4.03177	2.15506	-21.0519	8.50983	-20.7444	8.50333	4.39406	2.46341	0.0715356	0.0855864	0.367247	0.241951	5.36328
R	-20.6148	8.48166	4.30077	2.1351	-19.9265	9.40847	-20.5237	8.62457	4.4409	2.38835	0.0715855	0.0857578	0.366895	0.241977	3.14232
L	-20.3543	8.63786	4.44963	2.1803	-20.21	8.68914	-20.3006	8.74206	4.48582	2.31358	0.0715504	0.0858035	0.366489	0.241788	4.96882
R	-20.1603	8.7615	4.29244	2.12306	-20.2277	8.8532	-20.0753	8.85583	4.52884	2.23919	0.071583	0.0858235	0.36625	0.241581	1.44711
L	-19.9684	8.85663	4.27955	2.02254	-20.0633	8.86724	-19.848	8.96589	4.57001	2.16524	0.0717287	0.0858828	0.366098	0.241406	1.51397
R	-19.7764	8.95991	4.17151	1.94658	-19.9264	8.78179	-19.6186	9.07227	4.60937	2.09179	0.0720339	0.0859507	0.366273	0.241234	0.497856
L	-19.559	9.03204	4.20718	1.82627	-19.4861	8.96665	-19.3873	9.17499	4.64694	2.01891	0.0724069	0.0861188	0.366453	0.241137	0.819135
R	-19.3131	9.14536	4.39165	1.82492	-18.5719	10.2069	-19.1542	9.27409	4.68278	1.94666	0.0727119	0.0862363	0.366303	0.240939	0.523573
L	-19.013	9.257	4.58777	1.81917	-18.6786	9.19191	-18.9193	9.36959	4.71692	1.8751	0.0727649	0.0863034	0.365949	0.240687	4.883
R	-18.7986	9.33687	4.59947	1.7172	-19.2825	8.98189	-18.6827	9.46154	4.7494	1.80429	0.0728877	0.0864066	0.365613	0.240456	6.2856
L	-18.5342	9.45061	4.70811	1.71863	-18.4242	9.46852	-18.4446	9.54996	4.78028	1.73429	0.0729288	0.0864372	0.365227	0.240193	1.64831
R	-18.2624	9.49092	4.95759	1.52424	-18.1634	8.72444	-18.2049	9.63492	4.80959	1.66514	0.0728984	0.0866053	0.364892	0.24002	0.743211
L	-17.9483	9.64253	5.15485	1.63617	-17.7736	9.72478	-17.9639	9.71643	4.83737	1.59691	0.0728223	0.0865795	0.364795	0.239765	5.20925
R	-17.6977	9.74801	5.0132	1.62866	-17.2296	9.97767	-17.7214	9.79457	4.86368	1.52964	0.0727512	0.0865123	0.364464	0.239547	2.45143
L	-17.4195	9.85626	5.10352	1.63218	-17.3436	9.88109	-17.4777	9.86936	4.88856	1.46338	0.0727227	0.0864202	0.364205	0.239416	3.04565
R	-17.164	9.94474	5.13982	1.58045	-17.1554	10.212	-17.2328	9.94087	4.91205	1.39818	0.0727144	0.0863264	0.363964	0.239307	0.407598
L	-16.8903	10.0657	5.21404	1.62216	-16.8876	10.145	-16.9868	10.0091	4.93421	1.33408	0.0727744	0.0862729	0.363802	0.239423	0.351681
R	-16.6279	10.1437	5.23791	1.5508	-16.5958	10.1078	-16.7396	10.0743	4.95507	1.27113	0.0728813	0.0862401	0.363646	0.239517	0.434488
L	-16.3902	10.234	5.21516	1.51105	-16.5153	10.3091	-16.4915	10.1362	4.97469	1.20937	0.0729547	0.0862667	0.363425	0.239669	0.0256404
R	-16.1244	10.3138	5.28003	1.45534	-16.09	10.5824	-16.2424	10.1952	4.99311	1.14883	0.0730814	0.0863495	0.363278	0.239833	1.12861
L	-15.9153	10.3039	5.14175	1.17892	-16.006	10.1843	-15.9924	10.2511	5.01039	1.08956	0.0730903	0.0862914	0.362938	0.239611	0.405226
R	-15.6683	10.3679	5.09271	1.12292	-15.7234	10.41	-15.7416	10.3041	5.02655	1.03159	0.0730907	0.0862494	0.362561	0.239391	1.65481
L	-15.475	10.3315	4.92803	0.832033	-15.5699	10.1904	-15.4899	10.3543	5.04166	0.974957	0.0730156	0.0861634	0.362211	0.239226	0.20253
R	-15.1605	10.3774	5.27374	0.746508	-14.2385	10.9109	-15.2376	10.4016	5.05576	0.919692	0.0730246	0.0860786	0.361964	0.239104	2.115
L	-14.8999	10.4272	5.28815	0.685391	-14.9365	10.4722	-14.9846	10.4462	5.06889	0.865828	0.0730513	0.0859913	0.36172	0.238995	7.62801
R	-14.669	10.4503	5.0049	0.61257	-14.724	9.63507	-14.7309	10.4882	5.0811	0.813394	0.0730294	0.0859176	0.361352	0.23892	0.182996
L	-14.4441	10.4015	4.91604	0.357185	-14.4088	10.222	-14.4766	10.5276	5.09243	0.762418	0.0729672	0.0860227	0.36106	0.239395	6.37144
R	-14.1864	10.4213	4.9482	0.279674	-13.9005	10.5238	-14.2218	10.5645	5.10293	0.712926	0.0729082	0.0861837	0.360747	0.239972	2.06917
L	-13.8535	10.599	5.20761	0.594059	-13.8049	10.9383	-13.9665	10.5989	5.11263	0.664944	0.0730161	0.0860926	0.360392	0.23974	0.569114
R	-13.6023	10.6564	5.06065	0.633537	-13.3956	10.7857	-13.7107	10.631	5.12159	0.618496	0.073109	0.0860096	0.360023	0.239488	7.90231
L	-13.3655	10.6464	5.01449	0.481388	-13.3556	10.5517	-13.4545	10.6608	5.12983	0.573603	0.073146	0.0859216	0.359682	0.239273	1.61266
R	-13.1025	10.6698	5.08861	0.416734	-12.9374	10.8137	-13.1979	10.6884	5.13741	0.530288	0.0731999	0.0858355	0.359311	0.239079	0.567699
L	-12.8412	10.7711	5.14688	0.547332	-12.9591	11.0099	-12.9409	10.7138	5.14436	0.48857	0.0732655	0.0857855	0.358935	0.238843	0.312352
R	-12.574	10.8232	5.15033	0.572513	-12.2518	11.2495	-12.6836	10.7373	5.15071	0.448467	0.0733603	0.0857858	0.358559	0.23866	3.97917
L	-12.3575	10.7754	5.02841	0.340984	-12.3713	10.6091	-12.426	10.7587	5.15651	0.409997	0.0733505	0.0856996	0.358232	0.238432	1.30525
R	-12.1065	10.8056	4.97686	0.336688	-11.9352	10.9161	-12.1681	10.7783	5.16179	0.373177	0.073328	0.0856193	0.357958	0.238189	1.82186
L	-11.8552	10.8768	5.0132	0.411945	-11.9451	11.0515	-11.91	10.7961	5.16658	0.338022	0.0732942	0.0856095	0.357655	0.237965	0.443974
R	-11.5743	10.8993	5.10074	0.381983	-10.9703	10.9676	-11.6516	10.8121	5.17092	0.304546	0.0733027	0.0856127	0.357298	0.237745	2.13221
L	-11.3531	10.9091	5.02541	0.308638	-11.4548	10.9407	-11.393	10.8265	5.17484	0.272761	0.0732492	0.0856065	0.356992	0.237504	2.79982
R	-11.0777	10.8521	5.36454	-0.0199787	-11.3472	10.5111	-11.1342	10.8394	5.17836	0.242681	0.0732185	0.0855199	0.356724	0.237559	0.643356
L	-10.7712	10.8276	5.43729	-0.138406	-10.6009	10.6823	-10.8753	10.8509	5.18153	0.214317	0.0732953	0.0854383	0.356545	0.237854	8.36259
R	-10.5148	10.8284	5.34588	-0.172906	-10.6563	10.8369	-10.6161	10.8609	5.18435	0.187679	0.0733641	0.0853631	0.356253	0.238171	2.66449
L	-10.2881	10.8148	5.25052	-0.263387	-10.4142	10.8747	-10.3569	10.8697	5.18687	0.162776	0.0733551	0.0853116	0.355899	0.238709	0.425166
R	-10.0514	10.862	4.94737	-0.100945	-9.90413	11.2255	-10.0976	10.8772	5.1891	0.139618	0.0733098	0.0852269	0.355703	0.238713	1.0822
L	-9.78572	10.9171	5.01762	-0.0146322	-9.83445	11.1032	-9.83809	10.8837	5.19106	0.118212	0.0732731	0.0851531	0.355425	0.238544	6.14562
R	-9.57204	10.8842	4.92099	-0.136305	-10.195	10.3498	-9.57852	10.8891	5.19278	0.0985664	0.0731988	0.0850665	0.355275	0.238537	2.10839
L	-9.30375	10.9184	4.99197	-0.0872597	-9.3066	11.0348	-9.31887	10.8936	5.19428	0.0806865	0.0731274	0.0849872	0.35503	0.238414	3.77379
R	-9.07019	10.8894	4.91656	-0.171252	-9.2226	10.3527	-9.05915	10.8972	5.19557	0.0645787	0.0730548	0.0849015	0.354892	0.238409	0.814451
L	-8.79424	10.9303	5.01025	-0.0979012	-8.78899	11.0707	-8.79937	10.9001	5.19667	0.050248	0.072981	0.0848263	0.354631	0.23826	2.4274
R	-8.56875	10.878	4.92877	-0.240806	-8.83914	10.0319	-8.53953	10.9023	5.19759	0.0376992	0.072919	0.0847474	0.354479	0.238349	1.19555
L	-8.4332	10.7857	4.61895	-0.465216	-8.62045	10.6577	-8.27965	10.9039	5.19835	0.0269359	0.0731715	0.0848282	0.355077	0.239133	6.2257
R	-8.1924	10.7897	4.59034	-0.432794	-7.91543	11.1157	-8.01974	10.905	5.19896	0.0179617	0.0735077	0.0849005	0.35577	0.239748	3.66051
L	-7.80677	10.865	4.99527	-0.228578	-7.51971	11.0005	-7.75979	10.9057	5.19942	0.0107791	0.0734639	0.0848347	0.35553	0.239747	1.51129
R	-7.54639	10.8641	4.94805	-0.185251	-7.25987	10.6458	-7.49981	10.9061	5.19975	0.00539029	0.0734198	0.0847704	0.355351	0.239659	7.06107
L	-7.25945	10.8597	5.04431	-0.180389	-7.15631	10.815	-7.23983	10.9063	5.19994	0.00179692	0.0733515	0.0847111	0.355064	0.239557	1.94421
